960496466
960500088
960503689
960507293
960511173
960588826
960592428
960844836
960848437
960852038
960855641
960859244
960862850
960866455
960870060
960873665
960877266
960880872
960884478
960888083
960891686
960895292
960898897
960902498
960906103
960909709
960913315
960916916
961790144
961871462
961875068
961879268
961883468
961887069
961891269
961895469
961899669
961903270
961907470
961911670
961915870
961920070
961923671
961927871
961931472
962042089
962045692
962049302
962052903
962056868
962060469
962064072
962068272
962072472
962076672
962080273
962084473
962088673
962092873
962096474
962100076
962104276
962107877
962111478
962115678
962119878
962124078
962128278
962131879
962135491
962139092
962142693
962146294
962149936
962220703
962301510
962305211
962309455
962313056
962316662
962320263
962324191
962327792
962331992
962335593
962339793
962343993
962348193
962351794
962355994
962359596
962363796
962367400
962371600
962375201
962379401
962383601
962387801
962392001
962395602
962399203
962581654
962594929
962678251
962774774
962828344
962936405
963207397
963322872
963326476
963369158
963449127
963452800
963529413
963539719
963545627
963626473
963630074
963633681
963637285
963640888
963644491
963648095
963651697
963655302
963658906
963662509
963666110
963669716
963673319
963676921
963680524
963684125
963687731
963691334
963694935
963698541
963702145
963705747
963709350
963712951
963716556
963720159
963723762
963727365
963730967
963734571
963738173
963741776
963745379
963748982
963752586
963756188
963759791
963763394
963766995
963770596
963774296
963777897
963781501
963785234
963788840
963792444
963796045
963799655
963803261
963806869
963810473
963814075
963817679
963821288
963824986
963828774
963832461
963836068
963839703
963843903
963847504
963851704
963855904
963860104
963864304
963868504
963872704
963876344
963880285
963883970
963943050
963948405
963960489
963964203
963972104
965168368
965254438
965258088
965261689
965265349
965268950
965272610
965276211
965279812
965283472
965287132
965290746
965294392
965298052
965301653
965305314
965308974
965312575
965316235
965319836
965323496
965327097
965330757
965334417
965356720
965360328
965427693
965431298
965434901
965438503
965442106
965445709
965449311
965452914
965456517
965460120
965463722
965467325
966385477
966453248
966457373
966462686
966467407
966475138
966541696
966546946
966551867
966575773
966624567
966638999
966720390
966733562
966739756
967147252
967150905
967237395
967242355
967246294
967250020
967255365
967581268
967592682
967601348
967605269
967609259
967690823
967695907
967774860
967780046
967872289
967960147
967963750
967967354
967970958
967974562
968295102
969056486
969312760
969418831
969425791
969436789
969489155
969502756
969507590
969511220
969514821
969518481
969522082
969525683
969529343
969532992
969536593
969540204
969543805
969547406
969551066
969554667
969558327
969561987
969565588
969569248
969572888
969576489
969580149
969583750
969587410
969591011
969594612
969598272
969601873
969605474
969609134
969612735
969616395
969619996
969623599
969627257
969630858
969634518
969638119
969641720
969645321
969648981
969652582
969656183
969659843
969663444
969667045
969670705
969674306
969677907
969681567
969685168
969688769
969692429
969696030
969699631
969703291
969706892
969710493
969714153
969717754
969721411
969725016
969728617
969732277
969735878
969739538
969743139
969746740
969750400
969754001
969757602
969761262
969764863
969768464
969772124
969775725
969779385
969782986
969786587
969790247
969793907
969797508
969801167
969804768
969808369
969812019
969815630
969819290
969822891
969826492
969830152
969833753
969837354
969841014
969844615
969848216
969851876
969855477
969859137
969862738
969866339
969869999
969873600
969877260
969880920
969884521
969888122
969891782
969895383
969898984
969902644
969906245
969909905
969913506
969917107
969920767
969924368
969927969
969931629
969935230
969938831
969942491
969946092
969949752
969953353
969956954
969960614
969964215
969967816
969971476
969975077
969978678
969982338
969985939
969989540
969993200
969996860
970000461
970004062
970009419
970013847
970020353
970023971
970027631
970031291
970034892
970038552
970042212
970045872
970049473
970053074
970056734
970060335
970063936
970067596
970071197
970074798
970078458
970082062
970085663
970089264
970092908
970096525
970100126
970103728
970107334
970110987
970114588
970118189
970121790
970125450
970129051
970132652
970136312
970139913
970143514
970147174
970150775
970154435
970158036
970161639
970165242
970168847
970172450
970176098
970179758
970183359
970186960
970190620
970194221
970197822
970201424
970205027
970208630
970212231
970259192
970262819
970266423
970270080
970273681
970277282
970280883
970284486
970288088
970291692
970295295
970298898
970302501
970306104
970309717
970313318
970316919
970320520
970324180
970327781
970331382
970334993
970338642
970342243
970345966
970349594
970353195
970356796
970360397
970364057
970367658
970371259
970374919
970378520
970382121
970385781
970389382
970392983
970396643
970400244
970403845
970407505
970411106
970414766
970418367
970421968
970425569
970429198
970432829
970436430
970440031
970443632
970447233
970450892
970454493
970458094
970461695
970465355
970468958
970472616
970476247
970479848
970483449
970487050
970490710
970494311
970497971
970501572
970505173
970508774
970512375
970516034
970519635
970523236
970526837
970530438
970534039
970537640
970541241
970544842
970548443
970552051
970555653
970559257
970562860
970566463
970570075
970573676
970577277
970580878
970584479
970588138
970591739
970595369
970598970
970602571
970606172
970609775
970613378
970616982
970620585
970624186
970627787
970631388
970634990
970638649
970642250
970645851
970649452
970653056
970656658
970660259
970663914
970667515
970671116
970674717
970678376
970681977
970685578
970689179
970692781
970696382
970699984
970703585
970707188
970713043
970716674
970720634
970724245
970727878
970731506
970735107
970738708
970742309
970745969
970749570
970753171
970756791
970760432
970764033
970781969
970785580
970789476
970793460
970797061
970800666
970804269
970807880
970811481
970815082
970818683
970822284
970825943
970829544
970833145
970836805
970840407
970844066
970847667
970851268
970854869
970858528
970862129
970865730
970869331
970872933
970876872
970880490
970884091
970887716
970891317
970894919
970898520
970902179
970905781
970909382
970912983
970916643
970920244
970923845
970927446
970931047
970934648
970938308
970941909
970945510
970949111
970952712
970956313
970959914
970963515
970967175
970970776
970974377
970977978
970981579
970985180
970988781
970992441
970996043
970999644
971003245
971006846
971010507
971014167
971017768
971021369
971024970
971028571
971032172
971035773
971039374
971042975
971046576
971050177
971053778
971057379
971060980
971064581
971068241
971071842
971075443
971079044
971082645
971086305
971089906
971093507
971097108
971100709
971104310
971107911
971111571
971115172
971118773
971122377
971126003
971129606
971133266
971136926
971140527
971144128
971147729
971151330
971154931
971158532
971162133
971165734
971169361
971172994
971176654
971180255
971183856
971187517
971191177
971194837
971198438
971202098
971205699
971209359
971213019
971216620
971220221
971223840
971227441
971231042
971234683
971238343
971242003
971245604
971249205
971252806
971256466
971260067
971263668
971267269
971270870
971274471
971278072
971281673
971285274
971288875
971292476
971296077
971299737
971303338
971306939
971383652
971387258
971390859
971394461
971398062
971401663
971405268
971408873
971412478
971416079
971419680
971423281
971426882
971430483
971434084
971437685
971441286
971444887
971448488
971452089
971455690
971459291
971462892
971466494
971470095
971473696
971477297
971480899
971484548
971488208
971491809
971495410
971499011
971502612
971506213
971509814
971513415
971517016
971520617
971524218
971527819
971531420
971535021
971538622
971542223
971545824
971549425
971553026
971556627
971560228
971563829
971567430
971571031
971574632
971578233
971581834
971585435
971589036
971592637
971596238
971599839
971603440
971607041
971610642
971614243
971617844
971621445
971625046
971628647
971632248
971635849
971639450
971643051
971646652
971650253
971653854
971657455
971661056
971664657
971668258
971671859
971675460
971679061
971682662
971686263
971689864
971693465
971697066
971700667
971704268
971707869
971711470
971715071
971718672
971722273
971725906
971729566
971733226
971736828
971740429
971744031
971747632
971751234
971754894
971758554
971762155
971765756
971769357
971772959
971776560
971780161
971783762
971787364
971790965
971794567
971798168
971801770
971805371
971808973
971812633
971816293
971819894
971823496
971827970
971831572
971835232
971838892
971842552
971846212
971849813
971853415
971857016
971860618
971864278
971867938
971871539
971875140
971878799
971882401
971886002
971889604
971893205
971896807
971900408
971904010
971907611
971911543
971915150
971918752
971922354
971925955
971929556
971933159
971936760
971940367
971943968
971947569
971951229
971954830
971958431
971962032
971965633
971969234
971972835
971976436
971980096
971983697
971987298
971990899
971994500
971998101
972001702
972005303
972008904
972012505
972016107
972019708
972023309
972026912
972030513
972034114
972037715
972041316
972044917
972048518
972052119
972055720
972059321
972062922
972066523
972070124
972073725
972077385
972080986
972420907
972424508
972428109
972431710
972435311
972438913
972442572
972446173
972449775
972453376
972456978
972460579
972464181
972467782
972471440
972475041
972478645
972482249
972485850
972489510
972493111
972496712
972500372
972503973
972507591
972511234
972514835
972518436
972522037
972525638
972529239
972532840
972536441
972540042
972543643
972547244
972550845
972554446
972558049
972561650
972565252
972568853
972572454
972576055
972579656
972583257
972586858
972590460
972594061
972597662
972601263
972604864
972608467
972612070
972615672
972619273
972622922
972626524
972630125
972633726
972637328
972640930
972644590
972648191
972651792
972655393
972659053
972662654
972666255
972669856
972673457
972677058
972680659
972684260
972687861
972691521
972695122
972698726
972702327
972705932
972709572
972713177
972716778
972720379
972723982
972727585
972731192
972734811
972738415
972742020
972745622
972749223
972752824
972756452
972760053
972763654
972767255
972770856
972774457
972778058
972781659
972785260
972788861
972792462
972796063
972799665
972803269
972806872
972810473
972814127
972817728
972821329
972824930
972828533
972832138
972835739
972839393
972842994
972846595
972850196
972853797
972857398
972860999
972864600
972868201
972871802
972875403
972879004
972882605
972886206
972889807
972893408
972897009
972900610
972904212
972907870
972911471
972915072
972918673
972922274
972925875
972929476
972933077
972936678
972940279
972943880
972947482
972951083
972954695
972958306
972961944
972965545
972969147
972972748
972976349
972979952
972983557
972987158
972990810
972994411
972998012
973001613
973005214
973008815
973012416
973016018
973019619
973023221
973026824
973030477
973034078
973037679
973041281
973044882
973048487
973052092
973055693
973059298
973062903
973066504
973070109
973073714
973077343
973080944
973084545
973088146
973091803
973095404
973099005
973102663
973106264
973109869
973113471
973117073
973120676
973124328
973127929
973131532
973135135
973138754
973142388
973145989
973149590
973153219
973156820
973160421
973164022
973167623
973196850
973200455
973204056
973207677
973211278
973214881
973218525
973222161
973225763
973229364
973232965
973236566
973240170
973243771
973247424
973251025
973254626
973258227
973261832
973265433
973269038
973272643
973276248
973279849
973283454
973287059
973290660
973294261
973297888
973301491
973305092
973308697
973312350
973315951
973319552
973323153
973326754
973330355
973334012
973337613
973341214
973344815
973348472
973352073
973355674
973359280
973362933
973366534
973370135
973373736
973377337
973380994
973384595
973388196
973391797
973395398
973398999
973402656
973406258
973409859
973413460
973417118
973420719
973424320
973427921
973431578
973435179
973438780
973442381
973445982
973449639
973453240
973456842
973460443
973464099
973467700
973471301
973474902
973478559
973482160
973485761
973489419
973493020
973496621
973500222
973503823
973507480
973511081
973514683
973518340
973521941
973525542
973529143
973532745
973536350
973541323
973544952
973548553
973552154
973555755
973559356
973562957
973566558
973570215
973573817
973577418
973581019
973584676
973588277
973591878
973595479
973599137
973602738
973606339
973609940
973613541
973617142
973620744
973624346
973628000
973631601
973635202
973638804
973642461
973646062
973649663
973653265
973656867
973660523
973664125
973667726
973671327
973674983
973678584
973682185
973685786
973689387
973692988
973696589
973700190
973703791
973707394
973711048
973714649
973718250
973721851
973725452
973729053
973732658
973736296
973739911
973743513
973747114
973750771
973754372
973757977
973761578
973765179
973768784
973772389
973776034
973779635
973783236
973786838
973790495
973794097
973797698
973801300
973804903
973808508
973812110
973815712
973819317
973822970
973826572
973830173
973833776
973837378
973840987
973844635
973848242
973851843
973855496
973859097
973862704
973866358
973869959
973873560
973877161
973880771
973884420
973888030
973891681
973895282
973898887
973902488
973906089
973909694
973913297
973916904
973920543
973924150
973927773
973931374
973934979
973938634
973942236
973945841
973949495
973953097
973956755
973960361
973963962
973967563
973971164
973974765
973978418
973982021
973985624
973989278
973992880
973996485
974000140
974003749
974007400
974011007
974014608
974018210
974021861
974025463
974029064
974032665
974036266
974039867
974043472
974047125
974050732
974054333
974057934
974061588
974065191
974068848
974072454
974076055
974079656
974083310
974086912
974090513
974094119
974097720
974101321
974104973
974108574
974112176
974115777
974119381
974123034
974126635
974130237
974133843
974137496
974141103
974144704
974148305
974151957
974155561
974159162
974162767
974166372
974169977
974173578
974177183
974180797
974184420
974188028
974191635
974195243
974198880
974202482
974206083
974209687
974241983
974245584
974249187
974252795
974256413
974260014
974263621
974267274
974270875
974274478
974278081
974281682
974285334
974288935
974292536
974296138
974299796
974303403
974307008
974310613
974314218
974317819
974321424
974325029
974328630
974332260
974335866
974339520
974343130
974346780
974350384
974353988
974357589
974361190
974364793
974368398
974372045
974375648
974379253
974382906
974386507
974390108
974393710
974397322
974400968
974404575
974408228
974411837
974426036
974499463
974513023
974707022
974783409
974788340
974871047
974874662
974878274
974881875
974885535
974889136
974930706
974934307
974937967
974941568
974945228
974948888
974952548
974956208
974959868
974963528
974967129
974970789
974974390
974977991
974981651
974985308
974988912
974992572
974996173
974999833
975003493
975007094
975010754
975014414
975018074
975021734
975025394
975431668
975435328
975438930
975442531
975446133
975449747
975453392
975457052
975460712
975464372
975467973
975471574
975475175
975478776
975482377
975486037
975489638
975493298
975496958
975500618
975504219
975507820
975511421
975515081
975518690
975522291
975525943
975529603
975533263
975536864
975540524
975544184
975547844
975551504
975555164
975558765
975562366
975566026
975569627
975573228
975576829
975580430
975584090
975587694
975591295
975594952
975598553
975602213
975605873
975609474
975613075
975616676
975620336
975623937
975627597
975631257
975634917
975638577
975642178
975645838
975649439
975653040
975656699
975660300
975663902
975667562
975671222
975674882
975678542
975682202
975685803
975689463
975693123
975696783
975700385
975704045
975707646
975711306
975714966
975718626
975722286
975725887
975729547
975733148
975736749
975740409
975744010
975747611
975751271
975754931
975758532
975762192
975765852
975769453
975773054
975776655
975780315
975783916
975787576
975791236
975794837
975798438
975802039
975805640
975809300
975812901
975816502
975820162
975823822
975827423
975831083
975834743
975838403
975842063
975845723
975849324
975852925
975856585
975860245
975863846
975867447
975871107
975874767
975878368
975882028
975885688
975889348
975893008
975896668
975900328
975903988
975907648
975911308
975914909
975918569
975922229
975925889
975929549
975933150
975936810
975940411
975944012
975947613
975951272
975954932
975958592
975962252
975965853
975969513
975973173
975976774
975980375
975984035
975987695
975991355
975995015
975998675
976002276
976005936
976009537
976013197
976016857
976020517
976024118
976027719
976031379
976035039
976038699
976042359
976046019
976049679
976053339
976056940
976060600
976064260
976067920
976071522
976075177
976078781
976082382
976085983
976089643
976093303
976096963
976100623
976104224
976107825
976111485
976115145
976118746
976122347
976125948
976129549
976138793
976145023
976148683
976152284
976155885
976159487
976163088
976166689
976170349
976173950
976177551
976181211
976184812
976188413
976192014
976195615
976199275
976202876
976206477
976210078
976213738
976217398
976221058
976224718
976228378
976232038
976235698
976239358
976242959
976246619
976250220
976253880
976257481
976261141
976264801
976268461
976272062
976275663
976279273
976282874
976286475
976290135
976293736
976297396
976301056
976304657
976308258
976311918
976315519
976319120
976322780
976326381
976329982
976333600
976337242
976340902
976344534
976348162
976351822
976355424
976359084
976362744
976366345
976370005
976373664
976377265
976380866
976384526
976388127
976391787
976395447
976399048
976402649
976406309
976409910
976413511
976417112
976420713
976424373
976427974
976431634
976435294
976438954
976442614
976446271
976449874
976453534
976457135
976460736
976464337
976467938
976471539
976475199
976478800
976482460
976486061
976489721
976493322
976496982
976500642
976504302
976507962
976511622
976515223
976518879
976522480
976526083
976529743
976533344
976537004
976540664
976544265
976547870
976551475
976555076
976558681
976562286
976565887
976569492
976573093
976576698
976580303
976583904
976587509
976591110
976594715
976598316
976601921
976605526
976609131
976612732
976616337
976619942
976623593
976627253
976630913
976634573
976638174
976641834
976645435
976649092
976652696
976656356
976659957
976663617
976667277
976670878
976674483
976678084
976681689
976685294
976688895
976692500
976696105
976699710
976703311
976706945
976710605
976714265
976717925
976721585
976725186
976728846
976732447
976736106
976739707
976743367
976747027
976750628
976754288
976757948
976761608
976765209
976768869
976772470
976776071
976779672
976783274
976786879
976790480
976794134
976797794
976801454
976805055
976808715
976812316
976815976
976867984
976871586
976875188
976878793
976882399
976886003
976889607
976893210
976896813
976900416
976904018
976907620
976911221
976914824
976918430
976922039
976925645
976929247
976932848
976936456
976940059
976943662
976947265
976950869
976954473
976958077
976961682
976965286
976968889
976972493
976976097
976979702
976983306
976986910
976990515
976994116
976997722
977001326
977004930
977008534
977012139
977015744
977019347
977022951
977026554
977030158
977033762
977037364
977040965
977044567
977048169
977051774
977055378
977058982
977062587
977066191
977069796
977073400
977077002
977080605
977084210
977087814
977091418
977095021
977098624
977102226
977105829
977109431
977113034
977116638
977120241
977123844
977127449
977131052
977134654
977138260
977141862
977145466
977149070
977152672
977156275
977159878
977163481
977167084
977170688
977174293
977177897
977181502
977185112
977188719
977192322
977195923
977199951
977203552
977207154
977210757
977214358
977217959
977221560
977225161
977228762
977232363
977235964
977239565
977243166
977246767
977250368
977253969
977257570
977261171
977264772
977268374
977271976
977275577
977279179
977282782
977286425
977290042
977293702
977297306
977300909
977304517
977308124
977311731
977315332
977318933
977322540
977326147
977329754
977333362
977336969
977340576
977344178
977347779
977351380
977355046
977360482
977364083
977367684
977371285
977374886
977378491
977382098
977385699
977389301
977392906
977396507
977400108
977403711
977407312
977410915
977414519
977418126
977421727
977425330
977428934
977432535
977436136
977439743
977443350
977446952
977450558
977454161
977457765
977461367
977508252
977523004
977526605
977530209
977533810
977537412
977541013
977544617
977548226
977551836
977555445
977559055
977562660
977566265
977569866
977573476
977577080
977580690
977584300
977587901
977591511
977595121
977598724
977602334
977605936
977609542
977613144
977616745
977620348
977623950
977627553
977631155
977634758
977638359
977641960
977645561
977649162
977652763
977656364
977659965
977663566
977667167
977670768
977674370
977677972
977681573
977685174
977688776
977692377
977695978
977699580
977703182
977706783
977710384
977713985
977717587
977721188
977724789
977728391
977731992
977735594
977739195
977742796
977746398
977749999
977753610
977757211
977760819
977764463
977768069
977771682
977775303
977778909
977782510
977786132
977789737
977793361
977796964
977800580
977804182
977807788
977811394
977815007
977818614
977822263
977825883
977865099
977868745
977872357
977875959
977879560
977883183
977886821
977890481
977894082
977897742
977901343
977904944
977908604
977912264
977915865
977919526
977923127
977926787
977930447
977934049
977937650
977941310
977944911
977948552
977952173
977955774
977959376
977962977
977966581
977970184
977973787
977977391
977980995
977984598
977988202
977991805
977995408
977999009
978002647
978006248
978009908
978013568
978017169
978020829
978024430
978028090
978031691
978035292
978038952
978042553
978046154
978049814
978053415
978057016
978060617
978064218
978067878
978071479
978075080
978078740
992124559
992156422
992242818
992325856
992484705
992680788
993107571
993163679
993682580
993771990
993873456
994231075
994234679
994238879
994243079
994247279
994251479
994255679
994259879
994264079
994268279
994272479
994276679
994280879
994284480
994375308
994379748
994395620
994468764
