timestamp	power(W)	freq	%usr	%nice	%sys	%iowait	%irq	%soft	%steal	%guest	%idle
1338330234	0.012361	0.8	3.83	1.39	1.88	6.87	0.00	0.06	0.00	0.00	85.97
1338330235	0.012361	0.8	3.83	1.39	1.88	6.87	0.00	0.06	0.00	0.00	85.97
1338330236	0.012361	0.8	3.83	1.39	1.88	6.86	0.00	0.06	0.00	0.00	85.97
1338330237	0.012361	2.534	3.83	1.39	1.88	6.87	0.00	0.06	0.00	0.00	85.97
1338330238	0.012361	2.534	3.84	1.39	1.88	6.88	0.00	0.06	0.00	0.00	85.95
1338330239	0.012361	2.535	3.85	1.39	1.88	6.89	0.00	0.06	0.00	0.00	85.93
1338330240	0.012361	0.8	3.85	1.38	1.88	6.89	0.00	0.06	0.00	0.00	85.93
1338330241	0.012361	0.8	3.85	1.38	1.88	6.88	0.00	0.06	0.00	0.00	85.94
1338330242	0.012361	0.8	3.85	1.38	1.88	6.88	0.00	0.06	0.00	0.00	85.94
1338330243	0.012361	0.8	3.84	1.38	1.88	6.88	0.00	0.06	0.00	0.00	85.95
1338330244	0.012361	0.8	3.84	1.38	1.88	6.88	0.00	0.06	0.00	0.00	85.95
1338330245	0.012361	0.8	3.84	1.38	1.88	6.88	0.00	0.07	0.00	0.00	85.95
1338330246	0.012361	0.8	3.84	1.38	1.88	6.88	0.00	0.06	0.00	0.00	85.95
1338330247	0.012361	0.8	3.85	1.38	1.88	6.88	0.00	0.07	0.00	0.00	85.95
1338330248	13.943451	0.8	3.85	1.38	1.88	6.87	0.00	0.07	0.00	0.00	85.95
1338330249	13.943451	0.8	3.85	1.38	1.88	6.87	0.00	0.07	0.00	0.00	85.95
1338330250	13.943451	0.8	3.86	1.38	1.89	6.87	0.00	0.07	0.00	0.00	85.95
1338330251	13.943451	0.8	3.86	1.38	1.89	6.86	0.00	0.07	0.00	0.00	85.95
1338330252	13.943451	0.8	3.86	1.38	1.89	6.86	0.00	0.07	0.00	0.00	85.95
1338330253	13.943451	0.8	3.86	1.38	1.89	6.86	0.00	0.07	0.00	0.00	85.95
1338330254	13.943451	0.8	3.86	1.38	1.89	6.86	0.00	0.07	0.00	0.00	85.95
1338330255	13.943451	0.8	3.87	1.38	1.89	6.85	0.00	0.07	0.00	0.00	85.95
1338330256	13.943451	2.535	3.87	1.37	1.89	6.85	0.00	0.07	0.00	0.00	85.95
1338330257	13.943451	0.8	3.87	1.37	1.89	6.85	0.00	0.07	0.00	0.00	85.95
1338330258	13.943451	2.535	3.87	1.37	1.89	6.84	0.00	0.07	0.00	0.00	85.95
1338330259	13.943451	0.8	3.87	1.37	1.89	6.84	0.00	0.07	0.00	0.00	85.95
1338330260	13.943451	0.8	3.88	1.37	1.90	6.84	0.00	0.07	0.00	0.00	85.95
1338330261	13.943451	2.535	3.88	1.37	1.90	6.84	0.00	0.07	0.00	0.00	85.95
1338330262	13.943451	0.8	3.88	1.37	1.90	6.83	0.00	0.07	0.00	0.00	85.95
1338330263	15.068976	0.8	3.88	1.37	1.90	6.83	0.00	0.07	0.00	0.00	85.95
1338330264	15.068976	0.8	3.88	1.37	1.90	6.83	0.00	0.07	0.00	0.00	85.95
1338330265	15.068976	0.8	3.89	1.37	1.90	6.82	0.00	0.07	0.00	0.00	85.95
1338330266	15.068976	0.8	3.89	1.37	1.90	6.82	0.00	0.07	0.00	0.00	85.95
1338330268	15.068976	0.8	3.89	1.37	1.90	6.82	0.00	0.07	0.00	0.00	85.96
1338330269	15.068976	0.8	3.89	1.37	1.90	6.82	0.00	0.07	0.00	0.00	85.96
1338330270	15.068976	0.8	3.89	1.37	1.90	6.81	0.00	0.07	0.00	0.00	85.96
1338330271	15.068976	1.6	3.89	1.37	1.90	6.81	0.00	0.07	0.00	0.00	85.96
1338330272	15.068976	0.8	3.89	1.37	1.90	6.81	0.00	0.07	0.00	0.00	85.96
1338330273	15.068976	0.8	3.89	1.36	1.91	6.80	0.00	0.07	0.00	0.00	85.96
1338330274	15.068976	0.8	3.89	1.36	1.91	6.80	0.00	0.07	0.00	0.00	85.97
1338330275	15.068976	0.8	3.89	1.36	1.91	6.80	0.00	0.07	0.00	0.00	85.97
1338330276	15.068976	0.8	3.89	1.36	1.91	6.80	0.00	0.07	0.00	0.00	85.97
1338330277	15.068976	0.8	3.90	1.36	1.91	6.79	0.00	0.07	0.00	0.00	85.97
1338330278	15.068976	0.8	3.90	1.36	1.91	6.79	0.00	0.07	0.00	0.00	85.97
1338330279	15.448824	0.8	3.90	1.36	1.91	6.79	0.00	0.07	0.00	0.00	85.97
1338330280	15.448824	0.8	3.90	1.36	1.91	6.79	0.00	0.07	0.00	0.00	85.98
1338330281	15.448824	0.8	3.90	1.36	1.91	6.78	0.00	0.07	0.00	0.00	85.98
1338330282	15.448824	0.8	3.90	1.36	1.91	6.78	0.00	0.07	0.00	0.00	85.98
1338330283	15.448824	2.535	3.90	1.36	1.92	6.78	0.00	0.07	0.00	0.00	85.98
1338330284	15.448824	0.8	3.90	1.36	1.92	6.77	0.00	0.07	0.00	0.00	85.98
1338330285	15.448824	0.8	3.90	1.36	1.92	6.77	0.00	0.07	0.00	0.00	85.98
1338330286	15.448824	0.8	3.90	1.36	1.92	6.77	0.00	0.07	0.00	0.00	85.99
1338330287	15.448824	0.8	3.90	1.36	1.92	6.77	0.00	0.07	0.00	0.00	85.99
1338330288	15.448824	0.8	3.90	1.36	1.92	6.76	0.00	0.07	0.00	0.00	85.99
1338330289	15.448824	0.8	3.90	1.35	1.92	6.76	0.00	0.07	0.00	0.00	85.99
1338330290	15.448824	0.8	3.90	1.35	1.92	6.76	0.00	0.07	0.00	0.00	86.00
1338330291	15.448824	0.8	3.90	1.35	1.92	6.75	0.00	0.07	0.00	0.00	86.00
1338330292	15.448824	0.8	3.90	1.35	1.92	6.75	0.00	0.07	0.00	0.00	86.01
1338330293	12.714992	0.8	3.90	1.35	1.92	6.75	0.00	0.07	0.00	0.00	86.01
1338330294	12.714992	0.8	3.89	1.35	1.92	6.75	0.00	0.07	0.00	0.00	86.02
1338330295	12.714992	0.8	3.89	1.35	1.92	6.74	0.00	0.07	0.00	0.00	86.02
1338330296	12.714992	0.8	3.89	1.35	1.92	6.74	0.00	0.07	0.00	0.00	86.03
1338330297	12.714992	0.8	3.89	1.35	1.92	6.74	0.00	0.07	0.00	0.00	86.03
1338330298	12.714992	0.8	3.89	1.35	1.92	6.74	0.00	0.07	0.00	0.00	86.03
1338330299	12.714992	0.8	3.89	1.35	1.92	6.73	0.00	0.07	0.00	0.00	86.04
1338330300	12.714992	0.8	3.89	1.35	1.92	6.73	0.00	0.07	0.00	0.00	86.04
1338330301	12.714992	0.8	3.89	1.35	1.92	6.73	0.00	0.07	0.00	0.00	86.04
1338330303	12.714992	0.8	3.89	1.35	1.92	6.73	0.00	0.07	0.00	0.00	86.05
1338330304	12.714992	0.8	3.89	1.35	1.92	6.72	0.00	0.07	0.00	0.00	86.05
1338330305	12.714992	0.8	3.89	1.35	1.92	6.72	0.00	0.07	0.00	0.00	86.05
1338330306	12.714992	0.8	3.89	1.35	1.92	6.72	0.00	0.07	0.00	0.00	86.05
1338330307	12.714992	0.8	3.89	1.34	1.92	6.71	0.00	0.07	0.00	0.00	86.05
1338330308	12.714992	0.8	3.89	1.34	1.93	6.71	0.00	0.07	0.00	0.00	86.05
1338330309	14.735529	0.8	3.89	1.34	1.93	6.71	0.00	0.07	0.00	0.00	86.06
1338330310	14.735529	0.8	3.89	1.34	1.93	6.70	0.00	0.07	0.00	0.00	86.06
1338330311	14.735529	0.8	3.89	1.34	1.93	6.70	0.00	0.07	0.00	0.00	86.06
1338330312	14.735529	0.8	3.89	1.34	1.93	6.70	0.00	0.07	0.00	0.00	86.06
1338330313	14.735529	0.8	3.89	1.34	1.93	6.70	0.00	0.07	0.00	0.00	86.06
1338330314	14.735529	0.8	3.89	1.34	1.93	6.70	0.00	0.07	0.00	0.00	86.07
1338330315	14.735529	0.8	3.89	1.34	1.93	6.69	0.00	0.07	0.00	0.00	86.07
1338330316	14.735529	0.8	3.89	1.34	1.93	6.69	0.00	0.07	0.00	0.00	86.07
1338330317	14.735529	0.8	3.89	1.34	1.93	6.69	0.00	0.07	0.00	0.00	86.07
1338330318	14.735529	0.8	3.89	1.34	1.93	6.69	0.00	0.07	0.00	0.00	86.07
1338330319	14.735529	0.8	3.89	1.34	1.93	6.68	0.00	0.07	0.00	0.00	86.08
1338330320	14.735529	0.8	3.89	1.34	1.93	6.68	0.00	0.07	0.00	0.00	86.08
1338330321	14.735529	0.8	3.89	1.34	1.93	6.68	0.00	0.07	0.00	0.00	86.09
1338330322	14.735529	0.8	3.89	1.34	1.93	6.68	0.00	0.07	0.00	0.00	86.09
1338330323	14.735529	0.8	3.89	1.34	1.93	6.67	0.00	0.07	0.00	0.00	86.09
1338330324	11.912046	0.8	3.89	1.33	1.93	6.67	0.00	0.07	0.00	0.00	86.10
1338330325	11.912046	0.8	3.88	1.33	1.93	6.67	0.00	0.07	0.00	0.00	86.10
1338330326	11.912046	0.8	3.88	1.33	1.93	6.66	0.00	0.07	0.00	0.00	86.11
1338330327	11.912046	0.8	3.88	1.33	1.93	6.66	0.00	0.07	0.00	0.00	86.11
1338330328	11.912046	0.8	3.88	1.33	1.93	6.66	0.00	0.07	0.00	0.00	86.12
1338330329	11.912046	0.8	3.88	1.33	1.93	6.66	0.00	0.07	0.00	0.00	86.12
1338330330	11.912046	0.8	3.88	1.33	1.93	6.65	0.00	0.07	0.00	0.00	86.13
1338330331	11.912046	0.8	3.88	1.33	1.93	6.65	0.00	0.07	0.00	0.00	86.13
1338330332	11.912046	0.8	3.88	1.33	1.93	6.65	0.00	0.07	0.00	0.00	86.14
1338330333	11.912046	0.8	3.87	1.33	1.93	6.64	0.00	0.07	0.00	0.00	86.14
1338330334	11.912046	0.8	3.87	1.33	1.93	6.64	0.00	0.07	0.00	0.00	86.15
1338330335	11.912046	0.8	3.87	1.33	1.93	6.64	0.00	0.07	0.00	0.00	86.15
1338330337	11.912046	0.8	3.87	1.33	1.93	6.64	0.00	0.07	0.00	0.00	86.16
1338330338	11.912046	0.8	3.87	1.33	1.93	6.63	0.00	0.07	0.00	0.00	86.16
1338330339	11.912046	0.8	3.87	1.33	1.93	6.63	0.00	0.07	0.00	0.00	86.17
1338330340	11.759168	0.8	3.87	1.33	1.93	6.63	0.00	0.07	0.00	0.00	86.17
1338330341	11.759168	0.8	3.86	1.33	1.93	6.62	0.00	0.07	0.00	0.00	86.18
1338330342	11.759168	0.8	3.86	1.32	1.93	6.62	0.00	0.07	0.00	0.00	86.18
1338330343	11.759168	0.8	3.86	1.32	1.93	6.62	0.00	0.07	0.00	0.00	86.19
1338330344	11.759168	0.8	3.86	1.32	1.93	6.62	0.00	0.07	0.00	0.00	86.19
1338330345	11.759168	0.8	3.86	1.32	1.93	6.61	0.00	0.07	0.00	0.00	86.20
1338330346	11.759168	0.8	3.86	1.32	1.93	6.61	0.00	0.07	0.00	0.00	86.20
1338330347	11.759168	0.8	3.86	1.32	1.93	6.61	0.00	0.07	0.00	0.00	86.20
1338330348	11.759168	0.8	3.86	1.32	1.93	6.61	0.00	0.07	0.00	0.00	86.21
1338330349	11.759168	0.8	3.85	1.32	1.93	6.60	0.00	0.07	0.00	0.00	86.21
1338330350	11.759168	0.8	3.85	1.32	1.93	6.60	0.00	0.07	0.00	0.00	86.22
1338330351	11.759168	0.8	3.85	1.32	1.93	6.60	0.00	0.07	0.00	0.00	86.22
1338330352	11.759168	0.8	3.85	1.32	1.93	6.59	0.00	0.07	0.00	0.00	86.23
1338330353	11.759168	0.8	3.85	1.32	1.93	6.59	0.00	0.07	0.00	0.00	86.23
1338330354	11.759168	0.8	3.85	1.32	1.93	6.59	0.00	0.07	0.00	0.00	86.24
1338330355	11.396814	0.8	3.85	1.32	1.93	6.59	0.00	0.07	0.00	0.00	86.24
1338330356	11.396814	0.8	3.85	1.32	1.93	6.58	0.00	0.07	0.00	0.00	86.25
1338330357	11.396814	0.8	3.84	1.32	1.93	6.58	0.00	0.07	0.00	0.00	86.25
1338330358	11.396814	0.8	3.84	1.32	1.93	6.58	0.00	0.07	0.00	0.00	86.26
1338330359	11.396814	0.8	3.84	1.31	1.93	6.57	0.00	0.07	0.00	0.00	86.26
1338330360	11.396814	0.8	3.84	1.31	1.93	6.57	0.00	0.07	0.00	0.00	86.26
1338330361	11.396814	0.8	3.84	1.31	1.93	6.57	0.00	0.07	0.00	0.00	86.27
1338330362	11.396814	0.8	3.84	1.31	1.93	6.57	0.00	0.07	0.00	0.00	86.27
1338330363	11.396814	0.8	3.84	1.31	1.93	6.56	0.00	0.07	0.00	0.00	86.28
1338330364	11.396814	0.8	3.84	1.31	1.93	6.56	0.00	0.07	0.00	0.00	86.28
1338330365	11.396814	0.8	3.83	1.31	1.93	6.56	0.00	0.07	0.00	0.00	86.29
1338330366	11.396814	0.8	3.83	1.31	1.93	6.56	0.00	0.07	0.00	0.00	86.29
1338330367	11.396814	0.8	3.83	1.31	1.93	6.55	0.00	0.07	0.00	0.00	86.30
1338330368	11.396814	0.8	3.83	1.31	1.93	6.55	0.00	0.07	0.00	0.00	86.30
1338330369	11.396814	0.8	3.83	1.31	1.93	6.55	0.00	0.07	0.00	0.00	86.31
1338330370	11.145744	0.8	3.83	1.31	1.93	6.54	0.00	0.07	0.00	0.00	86.31
1338330372	11.145744	0.8	3.83	1.31	1.93	6.54	0.00	0.07	0.00	0.00	86.32
1338330373	11.145744	0.8	3.83	1.31	1.93	6.54	0.00	0.07	0.00	0.00	86.32
1338330374	11.145744	0.8	3.82	1.31	1.93	6.54	0.00	0.07	0.00	0.00	86.32
1338330375	11.145744	0.8	3.82	1.31	1.93	6.53	0.00	0.07	0.00	0.00	86.33
1338330376	11.145744	0.8	3.82	1.31	1.93	6.53	0.00	0.07	0.00	0.00	86.33
1338330377	11.145744	0.8	3.82	1.31	1.93	6.53	0.00	0.07	0.00	0.00	86.34
1338330378	11.145744	0.8	3.82	1.30	1.93	6.53	0.00	0.07	0.00	0.00	86.34
1338330379	11.145744	0.8	3.82	1.30	1.93	6.52	0.00	0.07	0.00	0.00	86.35
1338330380	11.145744	0.8	3.82	1.30	1.93	6.52	0.00	0.07	0.00	0.00	86.35
1338330381	11.145744	0.8	3.82	1.30	1.93	6.52	0.00	0.07	0.00	0.00	86.35
1338330382	11.145744	0.8	3.82	1.30	1.93	6.52	0.00	0.07	0.00	0.00	86.36
1338330383	11.145744	0.8	3.82	1.30	1.94	6.51	0.00	0.07	0.00	0.00	86.36
1338330384	11.145744	0.8	3.82	1.30	1.94	6.51	0.00	0.07	0.00	0.00	86.36
1338330385	11.145744	0.8	3.82	1.30	1.94	6.51	0.00	0.07	0.00	0.00	86.36
1338330386	14.032066	0.8	3.81	1.30	1.94	6.51	0.00	0.07	0.00	0.00	86.37
1338330387	14.032066	0.8	3.81	1.30	1.94	6.50	0.00	0.07	0.00	0.00	86.37
1338330388	14.032066	0.8	3.81	1.30	1.94	6.50	0.00	0.07	0.00	0.00	86.37
1338330389	14.032066	0.8	3.81	1.30	1.94	6.50	0.00	0.07	0.00	0.00	86.37
1338330390	14.032066	0.8	3.82	1.30	1.94	6.50	0.00	0.07	0.00	0.00	86.37
1338330391	14.032066	0.8	3.81	1.30	1.94	6.50	0.00	0.08	0.00	0.00	86.37
1338330392	14.032066	0.8	3.82	1.30	1.94	6.49	0.00	0.07	0.00	0.00	86.38
1338330393	14.032066	0.8	3.81	1.30	1.94	6.49	0.00	0.07	0.00	0.00	86.38
1338330394	14.032066	0.8	3.81	1.30	1.94	6.49	0.00	0.07	0.00	0.00	86.38
1338330395	14.032066	0.8	3.81	1.30	1.94	6.48	0.00	0.08	0.00	0.00	86.39
1338330396	14.032066	0.8	3.81	1.29	1.95	6.48	0.00	0.08	0.00	0.00	86.39
1338330397	14.032066	0.8	3.81	1.29	1.95	6.48	0.00	0.08	0.00	0.00	86.39
1338330398	14.032066	0.8	3.81	1.29	1.95	6.48	0.00	0.08	0.00	0.00	86.39
1338330399	14.032066	0.8	3.81	1.29	1.95	6.47	0.00	0.08	0.00	0.00	86.39
1338330400	14.032066	0.8	3.81	1.29	1.95	6.47	0.00	0.08	0.00	0.00	86.40
1338330401	14.137368	0.8	3.81	1.29	1.95	6.47	0.00	0.08	0.00	0.00	86.40
1338330402	14.137368	2.535	3.81	1.29	1.95	6.47	0.00	0.08	0.00	0.00	86.40
1338330403	14.137368	0.8	3.81	1.29	1.95	6.46	0.00	0.08	0.00	0.00	86.40
1338330404	14.137368	0.8	3.81	1.29	1.95	6.46	0.00	0.08	0.00	0.00	86.41
1338330405	14.137368	0.8	3.81	1.29	1.95	6.46	0.00	0.08	0.00	0.00	86.41
1338330407	14.137368	0.8	3.81	1.29	1.95	6.46	0.00	0.08	0.00	0.00	86.41
1338330408	14.137368	0.8	3.81	1.29	1.95	6.45	0.00	0.08	0.00	0.00	86.41
1338330409	14.137368	0.8	3.81	1.29	1.95	6.45	0.00	0.08	0.00	0.00	86.42
1338330410	14.137368	0.8	3.81	1.29	1.95	6.45	0.00	0.08	0.00	0.00	86.42
1338330411	14.137368	0.8	3.81	1.29	1.96	6.45	0.00	0.08	0.00	0.00	86.43
1338330412	14.137368	0.8	3.81	1.29	1.96	6.44	0.00	0.08	0.00	0.00	86.43
1338330413	14.137368	0.8	3.81	1.29	1.96	6.44	0.00	0.08	0.00	0.00	86.43
1338330414	14.137368	0.8	3.81	1.29	1.96	6.44	0.00	0.08	0.00	0.00	86.43
1338330415	14.137368	0.8	3.81	1.28	1.96	6.44	0.00	0.08	0.00	0.00	86.44
1338330416	14.137368	0.8	3.81	1.28	1.96	6.43	0.00	0.08	0.00	0.00	86.44
1338330417	14.362035	0.8	3.81	1.28	1.96	6.43	0.00	0.08	0.00	0.00	86.44
1338330418	14.362035	0.8	3.81	1.28	1.96	6.43	0.00	0.08	0.00	0.00	86.44
1338330419	14.362035	0.8	3.81	1.28	1.96	6.43	0.00	0.08	0.00	0.00	86.44
1338330420	14.362035	0.8	3.81	1.28	1.96	6.42	0.00	0.08	0.00	0.00	86.44
1338330421	14.362035	0.8	3.81	1.28	1.96	6.42	0.00	0.08	0.00	0.00	86.44
1338330422	14.362035	0.8	3.81	1.28	1.96	6.42	0.00	0.08	0.00	0.00	86.45
1338330423	14.362035	0.8	3.81	1.28	1.96	6.42	0.00	0.08	0.00	0.00	86.45
1338330424	14.362035	0.8	3.81	1.28	1.97	6.42	0.00	0.08	0.00	0.00	86.45
1338330425	14.362035	0.8	3.81	1.28	1.97	6.41	0.00	0.08	0.00	0.00	86.45
1338330426	14.362035	0.8	3.81	1.28	1.97	6.41	0.00	0.08	0.00	0.00	86.45
1338330427	14.362035	0.8	3.81	1.28	1.97	6.41	0.00	0.08	0.00	0.00	86.45
1338330428	14.362035	0.8	3.81	1.28	1.97	6.40	0.00	0.08	0.00	0.00	86.46
1338330429	14.362035	0.8	3.81	1.28	1.97	6.40	0.00	0.08	0.00	0.00	86.46
1338330430	14.362035	0.8	3.81	1.28	1.97	6.40	0.00	0.08	0.00	0.00	86.46
1338330431	14.362035	0.8	3.81	1.28	1.97	6.40	0.00	0.08	0.00	0.00	86.46
1338330432	14.298622	0.8	3.81	1.28	1.98	6.40	0.00	0.08	0.00	0.00	86.46
1338330433	14.298622	0.8	3.81	1.27	1.98	6.40	0.00	0.08	0.00	0.00	86.46
1338330434	14.298622	0.8	3.81	1.27	1.98	6.40	0.00	0.08	0.00	0.00	86.46
1338330435	14.298622	0.8	3.81	1.27	1.98	6.39	0.00	0.08	0.00	0.00	86.46
1338330436	14.298622	0.8	3.81	1.27	1.98	6.39	0.00	0.08	0.00	0.00	86.47
1338330437	14.298622	0.8	3.81	1.27	1.98	6.39	0.00	0.08	0.00	0.00	86.47
1338330438	14.298622	0.8	3.81	1.27	1.98	6.39	0.00	0.08	0.00	0.00	86.47
1338330439	14.298622	0.8	3.81	1.27	1.98	6.38	0.00	0.08	0.00	0.00	86.47
1338330440	14.298622	0.8	3.81	1.27	1.98	6.38	0.00	0.08	0.00	0.00	86.47
1338330442	14.298622	0.8	3.81	1.27	1.98	6.38	0.00	0.08	0.00	0.00	86.48
1338330443	14.298622	0.8	3.81	1.27	1.98	6.38	0.00	0.08	0.00	0.00	86.48
1338330444	14.298622	0.8	3.80	1.27	1.98	6.37	0.00	0.08	0.00	0.00	86.49
1338330445	14.298622	0.8	3.80	1.27	1.98	6.37	0.00	0.08	0.00	0.00	86.49
1338330446	14.298622	0.8	3.80	1.27	1.98	6.37	0.00	0.08	0.00	0.00	86.50
1338330447	14.298622	0.8	3.80	1.27	1.98	6.37	0.00	0.08	0.00	0.00	86.50
1338330448	11.33664	0.8	3.80	1.27	1.98	6.36	0.00	0.08	0.00	0.00	86.50
1338330449	11.33664	0.8	3.80	1.27	1.98	6.36	0.00	0.08	0.00	0.00	86.51
1338330450	11.33664	0.8	3.80	1.27	1.98	6.36	0.00	0.08	0.00	0.00	86.51
1338330451	11.33664	0.8	3.80	1.27	1.98	6.36	0.00	0.08	0.00	0.00	86.51
1338330452	11.33664	0.8	3.80	1.27	1.98	6.35	0.00	0.08	0.00	0.00	86.52
1338330453	11.33664	0.8	3.80	1.26	1.98	6.35	0.00	0.08	0.00	0.00	86.52
1338330454	11.33664	0.8	3.79	1.26	1.98	6.35	0.00	0.08	0.00	0.00	86.53
1338330455	11.33664	0.8	3.79	1.26	1.98	6.34	0.00	0.08	0.00	0.00	86.53
1338330456	11.33664	0.8	3.79	1.26	1.98	6.34	0.00	0.08	0.00	0.00	86.54
1338330457	11.33664	0.8	3.79	1.26	1.98	6.34	0.00	0.08	0.00	0.00	86.54
1338330458	11.33664	0.8	3.79	1.26	1.98	6.34	0.00	0.08	0.00	0.00	86.54
1338330459	11.33664	0.8	3.79	1.26	1.98	6.33	0.00	0.08	0.00	0.00	86.55
1338330460	11.33664	0.8	3.79	1.26	1.98	6.33	0.00	0.08	0.00	0.00	86.55
1338330461	11.33664	2.534	3.79	1.26	1.98	6.33	0.00	0.08	0.00	0.00	86.56
1338330462	11.33664	0.8	3.79	1.26	1.98	6.33	0.00	0.08	0.00	0.00	86.56
1338330463	11.584632	0.8	3.78	1.26	1.98	6.32	0.00	0.08	0.00	0.00	86.57
1338330464	11.584632	0.8	3.78	1.26	1.98	6.32	0.00	0.08	0.00	0.00	86.57
1338330465	11.584632	0.8	3.78	1.26	1.98	6.32	0.00	0.08	0.00	0.00	86.58
1338330466	11.584632	0.8	3.78	1.26	1.98	6.32	0.00	0.08	0.00	0.00	86.58
1338330467	11.584632	0.8	3.78	1.26	1.98	6.31	0.00	0.08	0.00	0.00	86.58
1338330468	11.584632	0.8	3.78	1.26	1.98	6.31	0.00	0.08	0.00	0.00	86.59
1338330469	11.584632	0.8	3.78	1.26	1.98	6.31	0.00	0.08	0.00	0.00	86.59
1338330470	11.584632	0.8	3.78	1.26	1.98	6.31	0.00	0.08	0.00	0.00	86.60
1338330471	11.584632	0.8	3.77	1.26	1.98	6.30	0.00	0.08	0.00	0.00	86.60
1338330472	11.584632	0.8	3.77	1.25	1.98	6.30	0.00	0.08	0.00	0.00	86.61
1338330473	11.584632	0.8	3.77	1.25	1.98	6.30	0.00	0.08	0.00	0.00	86.61
1338330474	11.584632	0.8	3.77	1.25	1.98	6.30	0.00	0.08	0.00	0.00	86.62
1338330475	11.584632	0.8	3.77	1.25	1.98	6.29	0.00	0.08	0.00	0.00	86.62
1338330477	11.584632	0.8	3.77	1.25	1.98	6.29	0.00	0.08	0.00	0.00	86.62
1338330478	11.584632	0.8	3.77	1.25	1.98	6.29	0.00	0.08	0.00	0.00	86.63
1338330479	11.290988	0.8	3.77	1.25	1.98	6.29	0.00	0.08	0.00	0.00	86.63
1338330480	11.290988	0.8	3.77	1.25	1.98	6.28	0.00	0.08	0.00	0.00	86.64
1338330481	11.290988	0.8	3.76	1.25	1.98	6.28	0.00	0.08	0.00	0.00	86.64
1338330482	11.290988	0.8	3.76	1.25	1.98	6.28	0.00	0.08	0.00	0.00	86.65
1338330483	11.290988	0.8	3.76	1.25	1.98	6.28	0.00	0.08	0.00	0.00	86.65
1338330484	11.290988	0.8	3.76	1.25	1.98	6.27	0.00	0.08	0.00	0.00	86.65
1338330485	11.290988	0.8	3.76	1.25	1.98	6.27	0.00	0.08	0.00	0.00	86.66
1338330486	11.290988	0.8	3.76	1.25	1.98	6.27	0.00	0.08	0.00	0.00	86.66
1338330487	11.290988	0.8	3.76	1.25	1.98	6.27	0.00	0.08	0.00	0.00	86.67
1338330488	11.290988	0.8	3.76	1.25	1.98	6.26	0.00	0.08	0.00	0.00	86.67
1338330489	11.290988	0.8	3.75	1.25	1.98	6.26	0.00	0.08	0.00	0.00	86.68
1338330490	11.290988	0.8	3.75	1.25	1.98	6.26	0.00	0.08	0.00	0.00	86.68
1338330491	11.290988	0.8	3.75	1.25	1.98	6.26	0.00	0.08	0.00	0.00	86.68
1338330492	11.290988	0.8	3.75	1.24	1.98	6.25	0.00	0.08	0.00	0.00	86.69
1338330493	11.290988	0.8	3.75	1.24	1.98	6.25	0.00	0.08	0.00	0.00	86.69
1338330494	11.206944	0.8	3.75	1.24	1.98	6.25	0.00	0.08	0.00	0.00	86.70
1338330495	11.206944	0.8	3.75	1.24	1.98	6.25	0.00	0.08	0.00	0.00	86.70
1338330496	11.206944	0.8	3.75	1.24	1.98	6.24	0.00	0.08	0.00	0.00	86.70
1338330497	11.206944	0.8	3.75	1.24	1.98	6.24	0.00	0.08	0.00	0.00	86.71
1338330498	11.206944	0.8	3.74	1.24	1.98	6.24	0.00	0.08	0.00	0.00	86.71
1338330499	11.206944	0.8	3.74	1.24	1.98	6.24	0.00	0.08	0.00	0.00	86.72
1338330500	11.206944	0.8	3.74	1.24	1.98	6.23	0.00	0.08	0.00	0.00	86.72
1338330501	11.206944	0.8	3.74	1.24	1.98	6.23	0.00	0.08	0.00	0.00	86.72
1338330502	11.206944	0.8	3.74	1.24	1.98	6.23	0.00	0.08	0.00	0.00	86.73
1338330503	11.206944	0.8	3.74	1.24	1.98	6.23	0.00	0.08	0.00	0.00	86.73
1338330504	11.206944	0.8	3.74	1.24	1.98	6.23	0.00	0.08	0.00	0.00	86.73
1338330505	11.206944	0.8	3.74	1.24	1.98	6.22	0.00	0.08	0.00	0.00	86.73
1338330506	11.206944	0.8	3.74	1.24	1.99	6.22	0.00	0.08	0.00	0.00	86.73
1338330507	11.206944	0.8	3.74	1.24	1.99	6.22	0.00	0.08	0.00	0.00	86.73
1338330508	11.206944	0.8	3.74	1.24	1.99	6.22	0.00	0.08	0.00	0.00	86.74
1338330509	14.823888	0.8	3.74	1.24	1.99	6.22	0.00	0.08	0.00	0.00	86.74
1338330510	14.823888	0.8	3.74	1.24	1.99	6.21	0.00	0.08	0.00	0.00	86.74
1338330512	14.823888	0.8	3.74	1.24	1.99	6.21	0.00	0.08	0.00	0.00	86.74
1338330513	14.823888	0.8	3.74	1.23	1.99	6.21	0.00	0.08	0.00	0.00	86.75
1338330514	14.823888	0.8	3.74	1.23	1.99	6.21	0.00	0.08	0.00	0.00	86.75
1338330515	14.823888	0.8	3.74	1.23	1.99	6.20	0.00	0.08	0.00	0.00	86.75
1338330516	14.823888	0.8	3.74	1.23	1.99	6.20	0.00	0.08	0.00	0.00	86.75
1338330517	14.823888	0.8	3.74	1.23	1.99	6.20	0.00	0.08	0.00	0.00	86.76
1338330518	14.823888	0.8	3.74	1.23	1.99	6.20	0.00	0.08	0.00	0.00	86.76
1338330519	14.823888	0.8	3.74	1.23	1.99	6.19	0.00	0.08	0.00	0.00	86.76
1338330520	14.823888	0.8	3.73	1.23	1.99	6.19	0.00	0.08	0.00	0.00	86.76
1338330521	14.823888	0.8	3.73	1.23	2.00	6.19	0.00	0.08	0.00	0.00	86.77
1338330522	14.823888	0.8	3.73	1.23	2.00	6.19	0.00	0.08	0.00	0.00	86.77
1338330523	14.823888	0.8	3.73	1.23	2.00	6.19	0.00	0.08	0.00	0.00	86.77
1338330524	14.823888	0.8	3.73	1.23	2.00	6.18	0.00	0.08	0.00	0.00	86.77
1338330525	14.685606	0.8	3.73	1.23	2.00	6.18	0.00	0.08	0.00	0.00	86.78
1338330526	14.685606	0.8	3.73	1.23	2.00	6.18	0.00	0.08	0.00	0.00	86.78
1338330527	14.685606	0.8	3.73	1.23	2.00	6.18	0.00	0.08	0.00	0.00	86.78
1338330528	14.685606	0.8	3.73	1.23	2.00	6.17	0.00	0.08	0.00	0.00	86.79
1338330529	14.685606	0.8	3.73	1.23	2.00	6.17	0.00	0.08	0.00	0.00	86.79
1338330530	14.685606	0.8	3.73	1.23	2.00	6.17	0.00	0.08	0.00	0.00	86.79
1338330531	14.685606	0.8	3.73	1.23	2.00	6.17	0.00	0.08	0.00	0.00	86.80
1338330532	14.685606	0.8	3.73	1.23	2.00	6.16	0.00	0.08	0.00	0.00	86.80
1338330533	14.685606	0.8	3.72	1.22	2.00	6.16	0.00	0.08	0.00	0.00	86.80
1338330534	14.685606	0.8	3.72	1.22	2.00	6.16	0.00	0.08	0.00	0.00	86.80
1338330535	14.685606	0.8	3.72	1.22	2.00	6.16	0.00	0.08	0.00	0.00	86.81
1338330536	14.685606	0.8	3.72	1.22	2.00	6.15	0.00	0.08	0.00	0.00	86.81
1338330537	14.685606	0.8	3.72	1.22	2.00	6.15	0.00	0.08	0.00	0.00	86.81
1338330538	14.685606	0.8	3.72	1.22	2.01	6.15	0.00	0.08	0.00	0.00	86.81
1338330539	14.685606	0.8	3.72	1.22	2.01	6.15	0.00	0.08	0.00	0.00	86.82
1338330540	14.587782	0.8	3.72	1.22	2.01	6.15	0.00	0.08	0.00	0.00	86.82
1338330541	14.587782	0.8	3.72	1.22	2.01	6.14	0.00	0.09	0.00	0.00	86.82
1338330542	14.587782	0.8	3.72	1.22	2.01	6.14	0.00	0.09	0.00	0.00	86.82
1338330543	14.587782	0.8	3.72	1.22	2.01	6.14	0.00	0.09	0.00	0.00	86.83
1338330544	14.587782	0.8	3.72	1.22	2.01	6.14	0.00	0.09	0.00	0.00	86.83
1338330546	14.587782	0.8	3.72	1.22	2.01	6.13	0.00	0.09	0.00	0.00	86.83
1338330547	14.587782	0.8	3.72	1.22	2.01	6.13	0.00	0.09	0.00	0.00	86.83
1338330548	14.587782	0.8	3.72	1.22	2.01	6.13	0.00	0.09	0.00	0.00	86.84
1338330549	14.587782	0.8	3.72	1.22	2.01	6.13	0.00	0.09	0.00	0.00	86.84
1338330550	14.587782	0.8	3.72	1.22	2.01	6.12	0.00	0.09	0.00	0.00	86.84
1338330551	14.587782	0.8	3.71	1.22	2.01	6.12	0.00	0.09	0.00	0.00	86.85
1338330552	14.587782	1.6	3.71	1.22	2.02	6.12	0.00	0.09	0.00	0.00	86.85
1338330553	14.587782	0.8	3.71	1.22	2.02	6.12	0.00	0.09	0.00	0.00	86.85
1338330554	14.587782	0.8	3.71	1.21	2.02	6.12	0.00	0.09	0.00	0.00	86.85
1338330555	14.587782	0.8	3.71	1.21	2.02	6.11	0.00	0.09	0.00	0.00	86.86
1338330556	14.649037	0.8	3.71	1.21	2.02	6.11	0.00	0.09	0.00	0.00	86.86
1338330557	14.649037	2.535	3.71	1.21	2.02	6.11	0.00	0.09	0.00	0.00	86.86
1338330558	14.649037	0.8	3.71	1.21	2.02	6.11	0.00	0.09	0.00	0.00	86.86
1338330559	14.649037	0.8	3.71	1.21	2.02	6.11	0.00	0.09	0.00	0.00	86.86
1338330560	14.649037	0.8	3.71	1.21	2.02	6.10	0.00	0.09	0.00	0.00	86.87
1338330561	14.649037	0.8	3.71	1.21	2.02	6.10	0.00	0.09	0.00	0.00	86.87
1338330562	14.649037	0.8	3.71	1.21	2.02	6.10	0.00	0.09	0.00	0.00	86.87
1338330563	14.649037	0.8	3.71	1.21	2.02	6.10	0.00	0.09	0.00	0.00	86.87
1338330564	14.649037	0.8	3.71	1.21	2.03	6.10	0.00	0.09	0.00	0.00	86.87
1338330565	14.649037	0.8	3.70	1.21	2.02	6.09	0.00	0.09	0.00	0.00	86.88
1338330566	14.649037	0.8	3.70	1.21	2.02	6.09	0.00	0.09	0.00	0.00	86.88
1338330567	14.649037	0.8	3.70	1.21	2.02	6.09	0.00	0.09	0.00	0.00	86.89
1338330568	14.649037	0.8	3.70	1.21	2.02	6.09	0.00	0.09	0.00	0.00	86.89
1338330569	14.649037	0.8	3.70	1.21	2.02	6.08	0.00	0.09	0.00	0.00	86.89
1338330570	14.649037	0.8	3.70	1.21	2.02	6.08	0.00	0.09	0.00	0.00	86.90
1338330571	11.318485	0.8	3.70	1.21	2.02	6.08	0.00	0.09	0.00	0.00	86.90
1338330572	11.318485	0.8	3.70	1.21	2.02	6.08	0.00	0.09	0.00	0.00	86.91
1338330573	11.318485	0.8	3.70	1.21	2.02	6.07	0.00	0.09	0.00	0.00	86.91
1338330574	11.318485	0.8	3.69	1.21	2.02	6.07	0.00	0.09	0.00	0.00	86.91
1338330575	11.318485	0.8	3.69	1.20	2.02	6.07	0.00	0.09	0.00	0.00	86.92
1338330576	11.318485	0.8	3.69	1.20	2.02	6.07	0.00	0.09	0.00	0.00	86.92
1338330577	11.318485	0.8	3.69	1.20	2.02	6.06	0.00	0.09	0.00	0.00	86.93
1338330578	11.318485	0.8	3.69	1.20	2.02	6.06	0.00	0.09	0.00	0.00	86.93
1338330579	11.318485	0.8	3.69	1.20	2.02	6.06	0.00	0.09	0.00	0.00	86.94
1338330581	11.318485	0.8	3.69	1.20	2.02	6.06	0.00	0.09	0.00	0.00	86.94
1338330582	11.318485	0.8	3.69	1.20	2.02	6.06	0.00	0.09	0.00	0.00	86.94
1338330583	11.318485	0.8	3.69	1.20	2.02	6.05	0.00	0.09	0.00	0.00	86.95
1338330584	11.318485	0.8	3.68	1.20	2.02	6.05	0.00	0.09	0.00	0.00	86.95
1338330585	11.318485	0.8	3.68	1.20	2.02	6.05	0.00	0.09	0.00	0.00	86.96
1338330586	11.318485	0.8	3.68	1.20	2.02	6.05	0.00	0.09	0.00	0.00	86.96
1338330587	11.349897	0.8	3.68	1.20	2.02	6.04	0.00	0.09	0.00	0.00	86.96
1338330588	11.349897	0.8	3.68	1.20	2.02	6.04	0.00	0.09	0.00	0.00	86.97
1338330589	11.349897	0.8	3.68	1.20	2.02	6.04	0.00	0.09	0.00	0.00	86.97
1338330590	11.349897	0.8	3.68	1.20	2.02	6.04	0.00	0.09	0.00	0.00	86.97
1338330591	11.349897	0.8	3.68	1.20	2.02	6.03	0.00	0.09	0.00	0.00	86.98
1338330592	11.349897	0.8	3.68	1.20	2.02	6.03	0.00	0.09	0.00	0.00	86.98
1338330593	11.349897	0.8	3.68	1.20	2.02	6.03	0.00	0.09	0.00	0.00	86.99
1338330594	11.349897	0.8	3.68	1.20	2.02	6.03	0.00	0.09	0.00	0.00	86.99
1338330595	11.349897	0.8	3.67	1.20	2.02	6.03	0.00	0.09	0.00	0.00	86.99
1338330596	11.349897	0.8	3.67	1.20	2.02	6.02	0.00	0.09	0.00	0.00	87.00
1338330597	11.349897	0.8	3.67	1.19	2.02	6.02	0.00	0.09	0.00	0.00	87.00
1338330598	11.349897	0.8	3.67	1.19	2.02	6.02	0.00	0.09	0.00	0.00	87.01
1338330599	11.349897	0.8	3.67	1.19	2.02	6.02	0.00	0.09	0.00	0.00	87.01
1338330600	11.349897	0.8	3.67	1.19	2.02	6.01	0.00	0.09	0.00	0.00	87.01
1338330601	11.349897	0.8	3.67	1.19	2.02	6.01	0.00	0.09	0.00	0.00	87.02
1338330602	11.859191	0.8	3.67	1.19	2.02	6.01	0.00	0.09	0.00	0.00	87.02
1338330603	11.859191	0.8	3.67	1.19	2.02	6.01	0.00	0.09	0.00	0.00	87.02
1338330604	11.859191	0.8	3.67	1.19	2.02	6.00	0.00	0.09	0.00	0.00	87.03
1338330605	11.859191	0.8	3.66	1.19	2.02	6.00	0.00	0.09	0.00	0.00	87.03
1338330606	11.859191	0.8	3.66	1.19	2.02	6.00	0.00	0.09	0.00	0.00	87.04
1338330607	11.859191	0.8	3.66	1.19	2.02	6.00	0.00	0.09	0.00	0.00	87.04
1338330608	11.859191	0.8	3.66	1.19	2.02	6.00	0.00	0.09	0.00	0.00	87.04
1338330609	11.859191	0.8	3.66	1.19	2.02	5.99	0.00	0.09	0.00	0.00	87.05
1338330610	11.859191	0.8	3.66	1.19	2.02	5.99	0.00	0.09	0.00	0.00	87.05
1338330611	11.859191	0.8	3.66	1.19	2.02	5.99	0.00	0.09	0.00	0.00	87.06
1338330612	11.859191	0.8	3.66	1.19	2.02	5.99	0.00	0.09	0.00	0.00	87.06
1338330613	11.859191	0.8	3.65	1.19	2.02	5.98	0.00	0.09	0.00	0.00	87.06
1338330614	11.859191	0.8	3.65	1.19	2.02	5.98	0.00	0.09	0.00	0.00	87.07
1338330616	11.859191	0.8	3.65	1.19	2.02	5.98	0.00	0.09	0.00	0.00	87.07
1338330617	11.859191	0.8	3.65	1.19	2.02	5.98	0.00	0.09	0.00	0.00	87.08
1338330618	11.225095	0.8	3.65	1.19	2.02	5.98	0.00	0.09	0.00	0.00	87.08
1338330619	11.225095	0.8	3.65	1.18	2.02	5.97	0.00	0.09	0.00	0.00	87.08
1338330620	11.225095	0.8	3.65	1.18	2.02	5.97	0.00	0.09	0.00	0.00	87.09
1338330621	11.225095	0.8	3.65	1.18	2.02	5.97	0.00	0.09	0.00	0.00	87.09
1338330622	11.225095	0.8	3.65	1.18	2.02	5.97	0.00	0.09	0.00	0.00	87.10
1338330623	11.225095	0.8	3.64	1.18	2.02	5.96	0.00	0.09	0.00	0.00	87.10
1338330624	11.225095	0.8	3.64	1.18	2.02	5.96	0.00	0.09	0.00	0.00	87.10
1338330625	11.225095	0.8	3.64	1.18	2.02	5.96	0.00	0.09	0.00	0.00	87.10
1338330626	11.225095	0.8	3.64	1.18	2.02	5.96	0.00	0.09	0.00	0.00	87.11
1338330627	11.225095	0.8	3.64	1.18	2.02	5.96	0.00	0.09	0.00	0.00	87.11
1338330628	11.225095	0.8	3.64	1.18	2.02	5.95	0.00	0.09	0.00	0.00	87.11
1338330629	11.225095	0.8	3.64	1.18	2.02	5.95	0.00	0.09	0.00	0.00	87.11
1338330630	11.225095	0.8	3.64	1.18	2.02	5.95	0.00	0.09	0.00	0.00	87.12
1338330631	11.225095	0.8	3.64	1.18	2.02	5.95	0.00	0.09	0.00	0.00	87.12
1338330632	11.225095	0.8	3.64	1.18	2.03	5.95	0.00	0.09	0.00	0.00	87.12
1338330633	14.641959	0.8	3.64	1.18	2.03	5.94	0.00	0.09	0.00	0.00	87.12
1338330634	14.641959	0.8	3.64	1.18	2.03	5.94	0.00	0.09	0.00	0.00	87.12
1338330635	14.641959	0.8	3.64	1.18	2.03	5.94	0.00	0.09	0.00	0.00	87.12
1338330636	14.641959	0.8	3.64	1.18	2.03	5.94	0.00	0.09	0.00	0.00	87.13
1338330637	14.641959	0.8	3.64	1.18	2.03	5.94	0.00	0.09	0.00	0.00	87.13
1338330638	14.641959	0.8	3.64	1.18	2.03	5.93	0.00	0.09	0.00	0.00	87.13
1338330639	14.641959	0.8	3.64	1.18	2.03	5.93	0.00	0.09	0.00	0.00	87.13
1338330640	14.641959	0.8	3.64	1.18	2.03	5.93	0.00	0.09	0.00	0.00	87.14
1338330641	14.641959	0.8	3.64	1.17	2.03	5.93	0.00	0.09	0.00	0.00	87.14
1338330642	14.641959	0.8	3.64	1.17	2.03	5.93	0.00	0.09	0.00	0.00	87.14
1338330643	14.641959	0.8	3.64	1.17	2.03	5.92	0.00	0.09	0.00	0.00	87.14
1338330644	14.641959	0.8	3.64	1.17	2.04	5.92	0.00	0.09	0.00	0.00	87.14
1338330645	14.641959	0.8	3.63	1.17	2.04	5.92	0.00	0.09	0.00	0.00	87.15
1338330646	14.641959	0.8	3.63	1.17	2.04	5.92	0.00	0.09	0.00	0.00	87.15
1338330647	14.641959	0.8	3.63	1.17	2.04	5.92	0.00	0.09	0.00	0.00	87.15
1338330648	14.112225	0.8	3.63	1.17	2.04	5.91	0.00	0.09	0.00	0.00	87.15
1338330649	14.112225	0.8	3.63	1.17	2.04	5.91	0.00	0.09	0.00	0.00	87.16
1338330650	14.112225	0.8	3.63	1.17	2.04	5.91	0.00	0.09	0.00	0.00	87.16
1338330652	14.112225	0.8	3.63	1.17	2.04	5.91	0.00	0.09	0.00	0.00	87.16
1338330653	14.112225	0.8	3.63	1.17	2.04	5.91	0.00	0.09	0.00	0.00	87.17
1338330654	14.112225	0.8	3.63	1.17	2.04	5.90	0.00	0.09	0.00	0.00	87.17
1338330655	14.112225	0.8	3.63	1.17	2.04	5.90	0.00	0.09	0.00	0.00	87.17
1338330656	14.112225	0.8	3.63	1.17	2.04	5.90	0.00	0.09	0.00	0.00	87.17
1338330657	14.112225	0.8	3.63	1.17	2.04	5.90	0.00	0.09	0.00	0.00	87.18
1338330658	14.112225	0.8	3.63	1.17	2.04	5.89	0.00	0.09	0.00	0.00	87.18
1338330659	14.112225	0.8	3.63	1.17	2.04	5.89	0.00	0.09	0.00	0.00	87.18
1338330660	14.112225	0.8	3.63	1.17	2.04	5.89	0.00	0.09	0.00	0.00	87.19
1338330661	14.112225	0.8	3.63	1.17	2.04	5.89	0.00	0.09	0.00	0.00	87.19
1338330662	14.112225	0.8	3.62	1.17	2.04	5.89	0.00	0.09	0.00	0.00	87.19
1338330663	14.112225	0.8	3.62	1.17	2.04	5.88	0.00	0.09	0.00	0.00	87.20
1338330664	13.222422	0.8	3.62	1.16	2.04	5.88	0.00	0.09	0.00	0.00	87.20
1338330665	13.222422	0.8	3.62	1.16	2.04	5.88	0.00	0.09	0.00	0.00	87.20
1338330666	13.222422	0.8	3.62	1.16	2.04	5.88	0.00	0.09	0.00	0.00	87.20
1338330667	13.222422	0.8	3.62	1.16	2.04	5.88	0.00	0.09	0.00	0.00	87.21
1338330668	13.222422	0.8	3.62	1.16	2.04	5.87	0.00	0.09	0.00	0.00	87.21
1338330669	13.222422	0.8	3.62	1.16	2.04	5.87	0.00	0.09	0.00	0.00	87.21
1338330670	13.222422	0.8	3.62	1.16	2.04	5.87	0.00	0.09	0.00	0.00	87.22
1338330671	13.222422	0.8	3.62	1.16	2.04	5.87	0.00	0.09	0.00	0.00	87.22
1338330672	13.222422	0.8	3.62	1.16	2.04	5.87	0.00	0.09	0.00	0.00	87.22
1338330673	13.222422	0.8	3.62	1.16	2.04	5.86	0.00	0.09	0.00	0.00	87.22
1338330674	13.222422	0.8	3.62	1.16	2.04	5.86	0.00	0.09	0.00	0.00	87.23
1338330675	13.222422	0.8	3.62	1.16	2.04	5.86	0.00	0.09	0.00	0.00	87.23
1338330676	13.222422	0.8	3.62	1.16	2.04	5.86	0.00	0.09	0.00	0.00	87.23
1338330677	13.222422	0.8	3.62	1.16	2.04	5.86	0.00	0.09	0.00	0.00	87.23
1338330678	13.222422	0.8	3.62	1.16	2.04	5.85	0.00	0.09	0.00	0.00	87.23
1338330679	14.455926	0.8	3.61	1.16	2.05	5.85	0.00	0.09	0.00	0.00	87.24
1338330680	14.455926	0.8	3.61	1.16	2.05	5.85	0.00	0.09	0.00	0.00	87.24
1338330681	14.455926	0.8	3.61	1.16	2.05	5.85	0.00	0.09	0.00	0.00	87.24
1338330682	14.455926	0.8	3.61	1.16	2.05	5.85	0.00	0.09	0.00	0.00	87.24
1338330683	14.455926	0.8	3.61	1.16	2.05	5.84	0.00	0.09	0.00	0.00	87.25
1338330684	14.455926	0.8	3.61	1.16	2.05	5.84	0.00	0.09	0.00	0.00	87.25
1338330686	14.455926	0.8	3.61	1.16	2.05	5.84	0.00	0.09	0.00	0.00	87.25
1338330687	14.455926	0.8	3.61	1.16	2.05	5.84	0.00	0.09	0.00	0.00	87.25
1338330688	14.455926	0.8	3.61	1.15	2.05	5.84	0.00	0.09	0.00	0.00	87.26
1338330689	14.455926	0.8	3.61	1.15	2.05	5.83	0.00	0.09	0.00	0.00	87.26
1338330690	14.455926	0.8	3.61	1.15	2.05	5.83	0.00	0.09	0.00	0.00	87.26
1338330691	14.455926	0.8	3.61	1.15	2.05	5.83	0.00	0.09	0.00	0.00	87.26
1338330692	14.455926	0.8	3.61	1.15	2.05	5.83	0.00	0.09	0.00	0.00	87.26
1338330693	14.455926	0.8	3.61	1.15	2.05	5.83	0.00	0.09	0.00	0.00	87.26
1338330694	14.455926	0.8	3.61	1.15	2.05	5.82	0.00	0.09	0.00	0.00	87.27
1338330695	14.56663	0.8	3.61	1.15	2.05	5.82	0.00	0.10	0.00	0.00	87.27
1338330696	14.56663	0.8	3.61	1.15	2.06	5.82	0.00	0.10	0.00	0.00	87.27
1338330697	14.56663	0.8	3.61	1.15	2.06	5.82	0.00	0.10	0.00	0.00	87.27
1338330698	14.56663	0.8	3.61	1.15	2.06	5.82	0.00	0.10	0.00	0.00	87.28
1338330699	14.56663	0.8	3.60	1.15	2.06	5.81	0.00	0.10	0.00	0.00	87.28
1338330700	14.56663	0.8	3.60	1.15	2.06	5.81	0.00	0.10	0.00	0.00	87.28
1338330701	14.56663	0.8	3.60	1.15	2.06	5.81	0.00	0.10	0.00	0.00	87.29
1338330702	14.56663	0.8	3.60	1.15	2.06	5.81	0.00	0.10	0.00	0.00	87.29
1338330703	14.56663	0.8	3.60	1.15	2.06	5.81	0.00	0.10	0.00	0.00	87.29
1338330704	14.56663	0.8	3.60	1.15	2.06	5.80	0.00	0.10	0.00	0.00	87.29
1338330705	14.56663	0.8	3.60	1.15	2.06	5.80	0.00	0.10	0.00	0.00	87.30
1338330706	14.56663	0.8	3.60	1.15	2.06	5.80	0.00	0.10	0.00	0.00	87.30
1338330707	14.56663	0.8	3.60	1.15	2.06	5.80	0.00	0.10	0.00	0.00	87.31
1338330708	14.56663	0.8	3.60	1.15	2.06	5.80	0.00	0.10	0.00	0.00	87.31
1338330709	14.56663	0.8	3.60	1.15	2.06	5.79	0.00	0.10	0.00	0.00	87.31
1338330710	12.098116	0.8	3.59	1.15	2.06	5.79	0.00	0.10	0.00	0.00	87.32
1338330711	12.098116	0.8	3.59	1.14	2.06	5.79	0.00	0.10	0.00	0.00	87.32
1338330712	12.098116	0.8	3.59	1.14	2.06	5.79	0.00	0.10	0.00	0.00	87.32
1338330713	12.098116	0.8	3.59	1.14	2.06	5.78	0.00	0.10	0.00	0.00	87.33
1338330714	12.098116	0.8	3.59	1.14	2.06	5.78	0.00	0.10	0.00	0.00	87.33
1338330715	12.098116	0.8	3.59	1.14	2.06	5.78	0.00	0.10	0.00	0.00	87.34
1338330716	12.098116	0.8	3.59	1.14	2.06	5.78	0.00	0.10	0.00	0.00	87.34
1338330717	12.098116	0.8	3.59	1.14	2.06	5.78	0.00	0.10	0.00	0.00	87.34
1338330718	12.098116	0.8	3.59	1.14	2.06	5.78	0.00	0.09	0.00	0.00	87.34
1338330719	12.098116	0.8	3.59	1.14	2.06	5.77	0.00	0.09	0.00	0.00	87.35
1338330720	12.098116	0.8	3.59	1.14	2.06	5.77	0.00	0.09	0.00	0.00	87.35
1338330722	12.098116	0.8	3.58	1.14	2.06	5.77	0.00	0.09	0.00	0.00	87.35
1338330723	12.098116	0.8	3.58	1.14	2.06	5.77	0.00	0.09	0.00	0.00	87.36
1338330724	12.098116	0.8	3.58	1.14	2.06	5.77	0.00	0.09	0.00	0.00	87.36
1338330725	12.098116	0.8	3.58	1.14	2.06	5.76	0.00	0.09	0.00	0.00	87.37
1338330726	11.913216	0.8	3.58	1.14	2.06	5.76	0.00	0.09	0.00	0.00	87.37
1338330727	11.913216	0.8	3.58	1.14	2.06	5.76	0.00	0.09	0.00	0.00	87.37
1338330728	11.913216	0.8	3.58	1.14	2.06	5.76	0.00	0.09	0.00	0.00	87.38
1338330729	11.913216	0.8	3.58	1.14	2.06	5.75	0.00	0.09	0.00	0.00	87.38
1338330730	11.913216	0.8	3.58	1.14	2.06	5.75	0.00	0.09	0.00	0.00	87.38
1338330731	11.913216	0.8	3.57	1.14	2.06	5.75	0.00	0.09	0.00	0.00	87.39
1338330732	11.913216	0.8	3.57	1.14	2.06	5.75	0.00	0.09	0.00	0.00	87.39
1338330733	11.913216	0.8	3.57	1.14	2.06	5.75	0.00	0.09	0.00	0.00	87.40
1338330734	11.913216	0.8	3.57	1.14	2.05	5.74	0.00	0.09	0.00	0.00	87.40
1338330735	11.913216	0.8	3.57	1.13	2.06	5.74	0.00	0.09	0.00	0.00	87.40
1338330736	11.913216	0.8	3.57	1.13	2.06	5.74	0.00	0.09	0.00	0.00	87.41
1338330737	11.913216	0.8	3.57	1.13	2.06	5.74	0.00	0.09	0.00	0.00	87.41
1338330738	11.913216	0.8	3.57	1.13	2.05	5.74	0.00	0.09	0.00	0.00	87.41
1338330739	11.913216	0.8	3.57	1.13	2.06	5.73	0.00	0.09	0.00	0.00	87.42
1338330740	11.913216	0.8	3.57	1.13	2.06	5.73	0.00	0.09	0.00	0.00	87.42
1338330741	11.675516	0.8	3.56	1.13	2.06	5.73	0.00	0.09	0.00	0.00	87.42
1338330742	11.675516	0.8	3.56	1.13	2.05	5.73	0.00	0.09	0.00	0.00	87.43
1338330743	11.675516	0.8	3.56	1.13	2.05	5.73	0.00	0.09	0.00	0.00	87.43
1338330744	11.675516	0.8	3.56	1.13	2.05	5.72	0.00	0.09	0.00	0.00	87.43
1338330745	11.675516	0.8	3.56	1.13	2.05	5.72	0.00	0.09	0.00	0.00	87.44
1338330746	11.675516	0.8	3.56	1.13	2.05	5.72	0.00	0.09	0.00	0.00	87.44
1338330747	11.675516	0.8	3.56	1.13	2.05	5.72	0.00	0.09	0.00	0.00	87.44
1338330748	11.675516	0.8	3.56	1.13	2.05	5.72	0.00	0.09	0.00	0.00	87.45
1338330749	11.675516	0.8	3.56	1.13	2.05	5.71	0.00	0.09	0.00	0.00	87.45
1338330750	11.675516	0.8	3.56	1.13	2.05	5.71	0.00	0.09	0.00	0.00	87.45
1338330751	11.675516	0.8	3.56	1.13	2.05	5.71	0.00	0.09	0.00	0.00	87.46
1338330752	11.675516	0.8	3.55	1.13	2.05	5.71	0.00	0.09	0.00	0.00	87.46
1338330753	11.675516	0.8	3.55	1.13	2.05	5.71	0.00	0.09	0.00	0.00	87.47
1338330754	11.675516	0.8	3.55	1.13	2.05	5.70	0.00	0.09	0.00	0.00	87.47
1338330756	11.346126	0.8	3.55	1.13	2.05	5.70	0.00	0.09	0.00	0.00	87.47
1338330757	11.346126	0.8	3.55	1.13	2.05	5.70	0.00	0.09	0.00	0.00	87.48
1338330758	11.346126	0.8	3.55	1.13	2.05	5.70	0.00	0.09	0.00	0.00	87.48
1338330759	11.346126	0.8	3.55	1.12	2.05	5.69	0.00	0.09	0.00	0.00	87.48
1338330760	11.346126	0.8	3.55	1.12	2.05	5.69	0.00	0.09	0.00	0.00	87.49
1338330761	11.346126	0.8	3.55	1.12	2.05	5.69	0.00	0.09	0.00	0.00	87.49
1338330762	11.346126	0.8	3.55	1.12	2.05	5.69	0.00	0.09	0.00	0.00	87.50
1338330763	11.346126	0.8	3.54	1.12	2.05	5.69	0.00	0.09	0.00	0.00	87.50
1338330764	11.346126	0.8	3.54	1.12	2.05	5.69	0.00	0.09	0.00	0.00	87.50
1338330765	11.346126	0.8	3.54	1.12	2.05	5.68	0.00	0.09	0.00	0.00	87.50
1338330766	11.346126	0.8	3.54	1.12	2.05	5.68	0.00	0.09	0.00	0.00	87.51
1338330767	11.346126	0.8	3.54	1.12	2.05	5.68	0.00	0.09	0.00	0.00	87.51
1338330768	11.346126	0.8	3.54	1.12	2.05	5.68	0.00	0.09	0.00	0.00	87.51
1338330769	11.346126	0.8	3.54	1.12	2.05	5.68	0.00	0.09	0.00	0.00	87.51
1338330770	11.346126	0.8	3.54	1.12	2.06	5.67	0.00	0.09	0.00	0.00	87.52
1338330771	13.335486	0.8	3.54	1.12	2.06	5.67	0.00	0.09	0.00	0.00	87.52
1338330772	13.335486	0.8	3.54	1.12	2.06	5.67	0.00	0.09	0.00	0.00	87.52
1338330773	13.335486	0.8	3.54	1.12	2.06	5.67	0.00	0.09	0.00	0.00	87.52
1338330774	13.335486	0.8	3.54	1.12	2.06	5.67	0.00	0.10	0.00	0.00	87.53
1338330775	13.335486	0.8	3.54	1.12	2.06	5.66	0.00	0.10	0.00	0.00	87.53
1338330776	13.335486	0.8	3.53	1.12	2.06	5.66	0.00	0.10	0.00	0.00	87.53
1338330777	13.335486	0.8	3.53	1.12	2.06	5.66	0.00	0.10	0.00	0.00	87.54
1338330778	13.335486	0.8	3.53	1.12	2.06	5.66	0.00	0.10	0.00	0.00	87.54
1338330779	13.335486	0.8	3.53	1.12	2.06	5.66	0.00	0.10	0.00	0.00	87.54
1338330780	13.335486	0.8	3.53	1.12	2.06	5.65	0.00	0.10	0.00	0.00	87.55
1338330781	13.335486	0.8	3.53	1.12	2.06	5.65	0.00	0.10	0.00	0.00	87.55
1338330782	13.335486	0.8	3.53	1.12	2.06	5.65	0.00	0.10	0.00	0.00	87.55
1338330783	13.335486	0.8	3.53	1.12	2.06	5.65	0.00	0.10	0.00	0.00	87.55
1338330784	13.335486	0.8	3.53	1.11	2.06	5.65	0.00	0.10	0.00	0.00	87.56
1338330785	13.335486	0.8	3.53	1.11	2.06	5.64	0.00	0.10	0.00	0.00	87.56
1338330786	14.064246	0.8	3.53	1.11	2.06	5.64	0.00	0.10	0.00	0.00	87.56
1338330787	14.064246	0.8	3.53	1.11	2.06	5.64	0.00	0.10	0.00	0.00	87.56
1338330788	14.064246	0.8	3.53	1.11	2.06	5.64	0.00	0.10	0.00	0.00	87.57
1338330789	14.064246	0.8	3.53	1.11	2.06	5.64	0.00	0.10	0.00	0.00	87.57
1338330791	14.064246	0.8	3.53	1.11	2.06	5.63	0.00	0.10	0.00	0.00	87.57
1338330792	14.064246	0.8	3.52	1.11	2.06	5.63	0.00	0.10	0.00	0.00	87.57
1338330793	14.064246	0.8	3.52	1.11	2.06	5.63	0.00	0.10	0.00	0.00	87.58
1338330794	14.064246	0.8	3.52	1.11	2.06	5.63	0.00	0.10	0.00	0.00	87.58
1338330795	14.064246	0.8	3.52	1.11	2.06	5.63	0.00	0.10	0.00	0.00	87.58
1338330796	14.064246	0.8	3.52	1.11	2.06	5.62	0.00	0.10	0.00	0.00	87.58
1338330797	14.064246	0.8	3.52	1.11	2.06	5.62	0.00	0.10	0.00	0.00	87.59
1338330798	14.064246	0.8	3.52	1.11	2.06	5.62	0.00	0.10	0.00	0.00	87.59
1338330799	14.064246	0.8	3.52	1.11	2.06	5.62	0.00	0.10	0.00	0.00	87.59
1338330800	14.064246	0.8	3.52	1.11	2.06	5.62	0.00	0.10	0.00	0.00	87.59
1338330801	14.064246	0.8	3.52	1.11	2.06	5.61	0.00	0.10	0.00	0.00	87.59
1338330802	14.256425	0.8	3.52	1.11	2.06	5.61	0.00	0.10	0.00	0.00	87.60
1338330803	14.256425	0.8	3.52	1.11	2.06	5.61	0.00	0.10	0.00	0.00	87.60
1338330804	14.256425	0.8	3.52	1.11	2.07	5.61	0.00	0.10	0.00	0.00	87.60
1338330805	14.256425	0.8	3.52	1.11	2.07	5.61	0.00	0.10	0.00	0.00	87.60
1338330806	14.256425	0.8	3.52	1.11	2.07	5.61	0.00	0.10	0.00	0.00	87.60
1338330807	14.256425	0.8	3.52	1.11	2.07	5.60	0.00	0.10	0.00	0.00	87.61
1338330808	14.256425	0.8	3.52	1.11	2.07	5.60	0.00	0.10	0.00	0.00	87.61
1338330809	14.256425	0.8	3.52	1.10	2.07	5.60	0.00	0.10	0.00	0.00	87.61
1338330810	14.256425	0.8	3.52	1.10	2.07	5.60	0.00	0.10	0.00	0.00	87.61
1338330811	14.256425	0.8	3.52	1.10	2.07	5.60	0.00	0.10	0.00	0.00	87.61
1338330812	14.256425	0.8	3.52	1.10	2.07	5.59	0.00	0.10	0.00	0.00	87.61
1338330813	14.256425	0.8	3.52	1.10	2.07	5.59	0.00	0.10	0.00	0.00	87.62
1338330814	14.256425	0.8	3.52	1.10	2.07	5.59	0.00	0.10	0.00	0.00	87.62
1338330815	14.256425	0.8	3.52	1.10	2.07	5.59	0.00	0.10	0.00	0.00	87.62
1338330816	14.256425	0.8	3.52	1.10	2.07	5.59	0.00	0.10	0.00	0.00	87.62
1338330817	14.087737	0.8	3.51	1.10	2.08	5.58	0.00	0.10	0.00	0.00	87.62
1338330818	14.087737	0.8	3.51	1.10	2.08	5.58	0.00	0.10	0.00	0.00	87.62
1338330819	14.087737	0.8	3.51	1.10	2.08	5.58	0.00	0.10	0.00	0.00	87.63
1338330820	14.087737	0.8	3.51	1.10	2.08	5.58	0.00	0.10	0.00	0.00	87.63
1338330821	14.087737	0.8	3.51	1.10	2.08	5.58	0.00	0.10	0.00	0.00	87.63
1338330822	14.087737	0.8	3.51	1.10	2.08	5.58	0.00	0.10	0.00	0.00	87.63
1338330823	14.087737	0.8	3.51	1.10	2.08	5.58	0.00	0.10	0.00	0.00	87.63
1338330824	14.087737	0.8	3.51	1.10	2.08	5.57	0.00	0.10	0.00	0.00	87.64
1338330826	14.087737	0.8	3.51	1.10	2.08	5.57	0.00	0.10	0.00	0.00	87.64
1338330827	14.087737	0.8	3.51	1.10	2.08	5.57	0.00	0.10	0.00	0.00	87.64
1338330828	14.087737	1.6	3.51	1.10	2.08	5.57	0.00	0.10	0.00	0.00	87.64
1338330829	14.087737	0.8	3.51	1.10	2.08	5.57	0.00	0.10	0.00	0.00	87.64
1338330830	14.087737	0.8	3.51	1.10	2.08	5.57	0.00	0.10	0.00	0.00	87.65
1338330831	14.087737	0.8	3.51	1.10	2.08	5.56	0.00	0.10	0.00	0.00	87.65
1338330832	14.087737	0.8	3.51	1.10	2.08	5.56	0.00	0.10	0.00	0.00	87.65
1338330833	14.21238	0.8	3.51	1.10	2.08	5.56	0.00	0.10	0.00	0.00	87.65
1338330834	14.21238	0.8	3.51	1.10	2.09	5.56	0.00	0.10	0.00	0.00	87.65
1338330835	14.21238	0.8	3.51	1.09	2.09	5.56	0.00	0.10	0.00	0.00	87.65
1338330836	14.21238	0.8	3.51	1.09	2.09	5.56	0.00	0.10	0.00	0.00	87.66
1338330837	14.21238	0.8	3.50	1.09	2.08	5.55	0.00	0.10	0.00	0.00	87.66
1338330838	14.21238	0.8	3.50	1.09	2.08	5.55	0.00	0.10	0.00	0.00	87.66
1338330839	14.21238	2.535	3.50	1.09	2.09	5.55	0.00	0.10	0.00	0.00	87.67
1338330840	14.21238	0.8	3.50	1.09	2.08	5.55	0.00	0.10	0.00	0.00	87.67
1338330841	14.21238	0.8	3.50	1.09	2.08	5.55	0.00	0.10	0.00	0.00	87.67
1338330842	14.21238	0.8	3.50	1.09	2.08	5.55	0.00	0.10	0.00	0.00	87.68
1338330843	14.21238	0.8	3.50	1.09	2.08	5.54	0.00	0.10	0.00	0.00	87.68
1338330844	14.21238	0.8	3.50	1.09	2.08	5.54	0.00	0.10	0.00	0.00	87.68
1338330845	14.21238	0.8	3.50	1.09	2.08	5.54	0.00	0.10	0.00	0.00	87.68
1338330846	14.21238	0.8	3.50	1.09	2.08	5.54	0.00	0.10	0.00	0.00	87.69
1338330847	14.21238	0.8	3.50	1.09	2.08	5.54	0.00	0.10	0.00	0.00	87.69
1338330848	11.944368	0.8	3.50	1.09	2.08	5.53	0.00	0.10	0.00	0.00	87.69
1338330849	11.944368	0.8	3.49	1.09	2.08	5.53	0.00	0.10	0.00	0.00	87.70
1338330850	11.944368	0.8	3.49	1.09	2.08	5.53	0.00	0.10	0.00	0.00	87.70
1338330851	11.944368	0.8	3.49	1.09	2.08	5.53	0.00	0.10	0.00	0.00	87.71
1338330852	11.944368	0.8	3.49	1.09	2.08	5.53	0.00	0.10	0.00	0.00	87.71
1338330853	11.944368	0.8	3.49	1.09	2.08	5.52	0.00	0.10	0.00	0.00	87.71
1338330854	11.944368	0.8	3.49	1.09	2.08	5.52	0.00	0.10	0.00	0.00	87.72
1338330855	11.944368	0.8	3.49	1.09	2.08	5.52	0.00	0.10	0.00	0.00	87.72
1338330856	11.944368	0.8	3.49	1.09	2.08	5.52	0.00	0.10	0.00	0.00	87.72
1338330857	11.944368	0.8	3.49	1.09	2.08	5.52	0.00	0.10	0.00	0.00	87.72
1338330859	11.944368	0.8	3.49	1.09	2.08	5.51	0.00	0.10	0.00	0.00	87.73
1338330860	11.944368	0.8	3.49	1.09	2.08	5.51	0.00	0.10	0.00	0.00	87.73
1338330861	11.944368	0.8	3.48	1.09	2.08	5.51	0.00	0.10	0.00	0.00	87.73
1338330862	11.944368	0.8	3.48	1.08	2.08	5.51	0.00	0.10	0.00	0.00	87.74
1338330863	11.944368	0.8	3.48	1.08	2.08	5.51	0.00	0.10	0.00	0.00	87.74
1338330864	11.62632	0.8	3.48	1.08	2.08	5.50	0.00	0.10	0.00	0.00	87.74
1338330865	11.62632	0.8	3.48	1.08	2.08	5.50	0.00	0.10	0.00	0.00	87.75
1338330866	11.62632	0.8	3.48	1.08	2.08	5.50	0.00	0.10	0.00	0.00	87.75
1338330867	11.62632	0.8	3.48	1.08	2.08	5.50	0.00	0.10	0.00	0.00	87.75
1338330868	11.62632	0.8	3.48	1.08	2.08	5.50	0.00	0.10	0.00	0.00	87.76
1338330869	11.62632	0.8	3.48	1.08	2.08	5.50	0.00	0.10	0.00	0.00	87.76
1338330870	11.62632	0.8	3.48	1.08	2.08	5.49	0.00	0.10	0.00	0.00	87.76
1338330871	11.62632	0.8	3.47	1.08	2.08	5.49	0.00	0.10	0.00	0.00	87.77
1338330872	11.62632	0.8	3.47	1.08	2.08	5.49	0.00	0.10	0.00	0.00	87.77
1338330873	11.62632	0.8	3.47	1.08	2.08	5.49	0.00	0.10	0.00	0.00	87.77
1338330874	11.62632	0.8	3.47	1.08	2.08	5.49	0.00	0.10	0.00	0.00	87.78
1338330875	11.62632	0.8	3.47	1.08	2.08	5.48	0.00	0.10	0.00	0.00	87.78
1338330876	11.62632	0.8	3.47	1.08	2.08	5.48	0.00	0.10	0.00	0.00	87.78
1338330877	11.62632	0.8	3.47	1.08	2.08	5.48	0.00	0.10	0.00	0.00	87.79
1338330878	11.62632	0.8	3.47	1.08	2.08	5.48	0.00	0.10	0.00	0.00	87.79
1338330879	11.32035	0.8	3.47	1.08	2.08	5.48	0.00	0.10	0.00	0.00	87.79
1338330880	11.32035	0.8	3.47	1.08	2.08	5.47	0.00	0.10	0.00	0.00	87.80
1338330881	11.32035	0.8	3.47	1.08	2.08	5.47	0.00	0.10	0.00	0.00	87.80
1338330882	11.32035	0.8	3.46	1.08	2.08	5.47	0.00	0.10	0.00	0.00	87.80
1338330883	11.32035	0.8	3.46	1.08	2.08	5.47	0.00	0.10	0.00	0.00	87.81
1338330884	11.32035	0.8	3.46	1.08	2.08	5.47	0.00	0.10	0.00	0.00	87.81
1338330885	11.32035	0.8	3.46	1.08	2.08	5.47	0.00	0.10	0.00	0.00	87.82
1338330886	11.32035	0.8	3.46	1.08	2.08	5.46	0.00	0.10	0.00	0.00	87.82
1338330887	11.32035	2.535	3.46	1.07	2.08	5.46	0.00	0.10	0.00	0.00	87.82
1338330888	11.32035	0.8	3.46	1.07	2.08	5.46	0.00	0.10	0.00	0.00	87.82
1338330889	11.32035	0.8	3.46	1.07	2.08	5.46	0.00	0.10	0.00	0.00	87.83
1338330890	11.32035	0.8	3.46	1.07	2.08	5.46	0.00	0.10	0.00	0.00	87.83
1338330892	11.32035	0.8	3.46	1.07	2.08	5.45	0.00	0.10	0.00	0.00	87.83
1338330893	11.32035	0.8	3.45	1.07	2.08	5.45	0.00	0.10	0.00	0.00	87.84
1338330894	11.32035	0.8	3.45	1.07	2.08	5.45	0.00	0.10	0.00	0.00	87.84
1338330895	11.493975	0.8	3.45	1.07	2.08	5.45	0.00	0.10	0.00	0.00	87.84
1338330896	11.493975	0.8	3.45	1.07	2.08	5.45	0.00	0.10	0.00	0.00	87.84
1338330897	11.493975	0.8	3.45	1.07	2.08	5.45	0.00	0.10	0.00	0.00	87.84
1338330898	11.493975	0.8	3.45	1.07	2.08	5.44	0.00	0.10	0.00	0.00	87.85
1338330899	11.493975	0.8	3.45	1.07	2.08	5.44	0.00	0.10	0.00	0.00	87.85
1338330900	11.493975	0.8	3.45	1.07	2.09	5.44	0.00	0.10	0.00	0.00	87.85
1338330901	11.493975	0.8	3.45	1.07	2.09	5.44	0.00	0.10	0.00	0.00	87.85
1338330902	11.493975	0.8	3.45	1.07	2.09	5.44	0.00	0.10	0.00	0.00	87.85
1338330903	11.493975	0.8	3.45	1.07	2.09	5.44	0.00	0.10	0.00	0.00	87.85
1338330904	11.493975	0.8	3.45	1.07	2.09	5.43	0.00	0.10	0.00	0.00	87.86
1338330905	11.493975	0.8	3.45	1.07	2.09	5.43	0.00	0.10	0.00	0.00	87.86
1338330906	11.493975	0.8	3.45	1.07	2.09	5.43	0.00	0.10	0.00	0.00	87.86
1338330907	11.493975	0.8	3.45	1.07	2.09	5.43	0.00	0.10	0.00	0.00	87.86
1338330908	11.493975	0.8	3.45	1.07	2.09	5.43	0.00	0.10	0.00	0.00	87.86
1338330909	11.493975	0.8	3.45	1.07	2.09	5.43	0.00	0.10	0.00	0.00	87.86
1338330910	14.206945	0.8	3.45	1.07	2.09	5.42	0.00	0.10	0.00	0.00	87.86
1338330911	14.206945	0.8	3.45	1.07	2.09	5.42	0.00	0.10	0.00	0.00	87.87
1338330912	14.206945	0.8	3.45	1.07	2.09	5.42	0.00	0.10	0.00	0.00	87.87
1338330913	14.206945	0.8	3.45	1.07	2.10	5.42	0.00	0.10	0.00	0.00	87.87
1338330914	14.206945	0.8	3.45	1.07	2.10	5.42	0.00	0.10	0.00	0.00	87.87
1338330915	14.206945	0.8	3.45	1.06	2.10	5.42	0.00	0.10	0.00	0.00	87.87
1338330916	14.206945	0.8	3.45	1.06	2.10	5.42	0.00	0.10	0.00	0.00	87.87
1338330917	14.206945	0.8	3.44	1.06	2.10	5.41	0.00	0.10	0.00	0.00	87.88
1338330918	14.206945	0.8	3.44	1.06	2.10	5.41	0.00	0.10	0.00	0.00	87.88
1338330919	14.206945	0.8	3.44	1.06	2.10	5.41	0.00	0.10	0.00	0.00	87.88
1338330920	14.206945	0.8	3.44	1.06	2.10	5.41	0.00	0.10	0.00	0.00	87.88
1338330921	14.206945	0.8	3.44	1.06	2.10	5.41	0.00	0.10	0.00	0.00	87.88
1338330922	14.206945	2.535	3.44	1.06	2.10	5.41	0.00	0.10	0.00	0.00	87.89
1338330923	14.206945	0.8	3.44	1.06	2.10	5.41	0.00	0.10	0.00	0.00	87.89
1338330924	14.206945	0.8	3.44	1.06	2.10	5.40	0.00	0.10	0.00	0.00	87.89
1338330925	14.097003	0.8	3.44	1.06	2.10	5.40	0.00	0.10	0.00	0.00	87.89
1338330927	14.097003	0.8	3.44	1.06	2.10	5.40	0.00	0.10	0.00	0.00	87.89
1338330928	14.097003	0.8	3.44	1.06	2.10	5.40	0.00	0.10	0.00	0.00	87.90
1338330929	14.097003	0.8	3.44	1.06	2.10	5.40	0.00	0.10	0.00	0.00	87.90
1338330930	14.097003	0.8	3.44	1.06	2.10	5.40	0.00	0.10	0.00	0.00	87.90
1338330931	14.097003	0.8	3.44	1.06	2.10	5.39	0.00	0.10	0.00	0.00	87.90
1338330932	14.097003	0.8	3.44	1.06	2.10	5.39	0.00	0.10	0.00	0.00	87.90
1338330933	14.097003	0.8	3.44	1.06	2.10	5.39	0.00	0.10	0.00	0.00	87.91
1338330934	14.097003	0.8	3.44	1.06	2.10	5.39	0.00	0.10	0.00	0.00	87.91
1338330935	14.097003	0.8	3.44	1.06	2.10	5.39	0.00	0.10	0.00	0.00	87.91
1338330936	14.097003	0.8	3.44	1.06	2.10	5.38	0.00	0.10	0.00	0.00	87.91
1338330937	14.097003	0.8	3.44	1.06	2.10	5.38	0.00	0.10	0.00	0.00	87.92
1338330938	14.097003	0.8	3.44	1.06	2.10	5.38	0.00	0.10	0.00	0.00	87.92
1338330939	14.097003	0.8	3.43	1.06	2.11	5.38	0.00	0.10	0.00	0.00	87.92
1338330940	14.097003	0.8	3.43	1.06	2.11	5.38	0.00	0.10	0.00	0.00	87.92
1338330941	14.403142	0.8	3.43	1.06	2.11	5.38	0.00	0.10	0.00	0.00	87.92
1338330942	14.403142	0.8	3.43	1.06	2.11	5.37	0.00	0.10	0.00	0.00	87.93
1338330943	14.403142	0.8	3.43	1.05	2.11	5.37	0.00	0.10	0.00	0.00	87.93
1338330944	14.403142	0.8	3.43	1.05	2.11	5.37	0.00	0.10	0.00	0.00	87.93
1338330945	14.403142	0.8	3.43	1.05	2.11	5.37	0.00	0.10	0.00	0.00	87.93
1338330946	14.403142	0.8	3.43	1.05	2.11	5.37	0.00	0.10	0.00	0.00	87.93
1338330947	14.403142	0.8	3.43	1.05	2.11	5.37	0.00	0.10	0.00	0.00	87.94
1338330948	14.403142	0.8	3.43	1.05	2.11	5.37	0.00	0.10	0.00	0.00	87.94
1338330949	14.403142	0.8	3.43	1.05	2.11	5.36	0.00	0.11	0.00	0.00	87.94
1338330950	14.403142	0.8	3.43	1.05	2.11	5.36	0.00	0.11	0.00	0.00	87.94
1338330951	14.403142	0.8	3.43	1.05	2.11	5.36	0.00	0.11	0.00	0.00	87.94
1338330952	14.403142	0.8	3.43	1.05	2.11	5.36	0.00	0.11	0.00	0.00	87.94
1338330953	14.403142	0.8	3.43	1.05	2.11	5.36	0.00	0.11	0.00	0.00	87.94
1338330954	14.403142	0.8	3.43	1.05	2.11	5.36	0.00	0.11	0.00	0.00	87.95
1338330955	14.403142	0.8	3.43	1.05	2.11	5.35	0.00	0.11	0.00	0.00	87.95
1338330956	14.259224	0.8	3.43	1.05	2.11	5.35	0.00	0.11	0.00	0.00	87.95
1338330957	14.259224	0.8	3.43	1.05	2.11	5.35	0.00	0.11	0.00	0.00	87.95
1338330958	14.259224	0.8	3.43	1.05	2.11	5.35	0.00	0.11	0.00	0.00	87.95
1338330959	14.259224	0.8	3.43	1.05	2.11	5.35	0.00	0.11	0.00	0.00	87.95
1338330961	14.259224	0.8	3.43	1.05	2.11	5.35	0.00	0.11	0.00	0.00	87.96
1338330962	14.259224	0.8	3.43	1.05	2.12	5.35	0.00	0.11	0.00	0.00	87.96
1338330963	14.259224	0.8	3.43	1.05	2.12	5.34	0.00	0.11	0.00	0.00	87.96
1338330964	14.259224	0.8	3.43	1.05	2.12	5.34	0.00	0.11	0.00	0.00	87.96
1338330965	14.259224	0.8	3.43	1.05	2.12	5.34	0.00	0.11	0.00	0.00	87.96
1338330966	14.259224	0.8	3.43	1.05	2.12	5.34	0.00	0.11	0.00	0.00	87.96
1338330967	14.259224	0.8	3.43	1.05	2.12	5.34	0.00	0.11	0.00	0.00	87.97
1338330968	14.259224	0.8	3.43	1.05	2.12	5.34	0.00	0.11	0.00	0.00	87.97
1338330969	14.259224	0.8	3.42	1.05	2.12	5.33	0.00	0.11	0.00	0.00	87.97
1338330970	14.259224	0.8	3.42	1.05	2.12	5.33	0.00	0.11	0.00	0.00	87.97
1338330971	14.259224	0.8	3.42	1.04	2.12	5.33	0.00	0.11	0.00	0.00	87.98
1338330972	11.526	0.8	3.42	1.04	2.12	5.33	0.00	0.11	0.00	0.00	87.98
1338330973	11.526	0.8	3.42	1.04	2.12	5.33	0.00	0.11	0.00	0.00	87.98
1338330974	11.526	0.8	3.42	1.04	2.12	5.32	0.00	0.11	0.00	0.00	87.99
1338330975	11.526	0.8	3.42	1.04	2.12	5.32	0.00	0.11	0.00	0.00	87.99
1338330976	11.526	0.8	3.42	1.04	2.12	5.32	0.00	0.11	0.00	0.00	87.99
1338330977	11.526	0.8	3.42	1.04	2.12	5.32	0.00	0.11	0.00	0.00	88.00
1338330978	11.526	0.8	3.42	1.04	2.12	5.32	0.00	0.11	0.00	0.00	88.00
1338330979	11.526	2.535	3.42	1.04	2.12	5.32	0.00	0.11	0.00	0.00	88.00
1338330980	11.526	0.8	3.41	1.04	2.12	5.31	0.00	0.11	0.00	0.00	88.01
1338330981	11.526	0.8	3.41	1.04	2.12	5.31	0.00	0.11	0.00	0.00	88.01
1338330982	11.526	0.8	3.41	1.04	2.12	5.31	0.00	0.11	0.00	0.00	88.01
1338330983	11.526	0.8	3.41	1.04	2.12	5.31	0.00	0.11	0.00	0.00	88.01
1338330984	11.526	0.8	3.41	1.04	2.12	5.31	0.00	0.11	0.00	0.00	88.02
1338330985	11.526	0.8	3.41	1.04	2.12	5.31	0.00	0.11	0.00	0.00	88.02
1338330986	11.526	0.8	3.41	1.04	2.12	5.30	0.00	0.11	0.00	0.00	88.02
1338330987	11.621662	0.8	3.41	1.04	2.12	5.30	0.00	0.11	0.00	0.00	88.03
1338330988	11.621662	0.8	3.41	1.04	2.12	5.30	0.00	0.11	0.00	0.00	88.03
1338330989	11.621662	0.8	3.41	1.04	2.12	5.30	0.00	0.11	0.00	0.00	88.03
1338330990	11.621662	0.8	3.41	1.04	2.12	5.30	0.00	0.11	0.00	0.00	88.04
1338330991	11.621662	0.8	3.41	1.04	2.12	5.29	0.00	0.11	0.00	0.00	88.04
1338330992	11.621662	0.8	3.41	1.04	2.12	5.29	0.00	0.11	0.00	0.00	88.04
1338330993	11.621662	0.8	3.40	1.04	2.12	5.29	0.00	0.11	0.00	0.00	88.04
1338330994	11.621662	0.8	3.40	1.04	2.12	5.29	0.00	0.11	0.00	0.00	88.05
1338330996	11.621662	0.8	3.40	1.04	2.12	5.29	0.00	0.11	0.00	0.00	88.05
1338330997	11.621662	0.8	3.40	1.04	2.12	5.29	0.00	0.11	0.00	0.00	88.05
1338330998	11.621662	0.8	3.40	1.04	2.11	5.28	0.00	0.11	0.00	0.00	88.06
1338330999	11.621662	0.8	3.40	1.04	2.11	5.28	0.00	0.11	0.00	0.00	88.06
1338331000	11.621662	0.8	3.40	1.03	2.11	5.28	0.00	0.11	0.00	0.00	88.06
1338331001	11.621662	0.8	3.40	1.03	2.11	5.28	0.00	0.11	0.00	0.00	88.07
1338331002	11.621662	0.8	3.40	1.03	2.11	5.28	0.00	0.11	0.00	0.00	88.07
1338331003	11.544	0.8	3.40	1.03	2.11	5.28	0.00	0.11	0.00	0.00	88.07
1338331004	11.544	0.8	3.39	1.03	2.11	5.27	0.00	0.11	0.00	0.00	88.08
1338331005	11.544	0.8	3.39	1.03	2.11	5.27	0.00	0.11	0.00	0.00	88.08
1338331006	11.544	0.8	3.39	1.03	2.11	5.27	0.00	0.11	0.00	0.00	88.08
1338331007	11.544	0.8	3.39	1.03	2.11	5.27	0.00	0.11	0.00	0.00	88.09
1338331008	11.544	0.8	3.39	1.03	2.11	5.27	0.00	0.11	0.00	0.00	88.09
1338331009	11.544	0.8	3.39	1.03	2.11	5.27	0.00	0.11	0.00	0.00	88.09
1338331010	11.544	0.8	3.39	1.03	2.11	5.26	0.00	0.11	0.00	0.00	88.10
1338331011	11.544	0.8	3.39	1.03	2.11	5.26	0.00	0.11	0.00	0.00	88.10
1338331012	11.544	0.8	3.39	1.03	2.11	5.26	0.00	0.11	0.00	0.00	88.10
1338331013	11.544	2.535	3.39	1.03	2.11	5.26	0.00	0.11	0.00	0.00	88.10
1338331014	11.544	0.8	3.39	1.03	2.11	5.26	0.00	0.11	0.00	0.00	88.11
1338331015	11.544	0.8	3.39	1.03	2.11	5.26	0.00	0.11	0.00	0.00	88.11
1338331016	11.544	0.8	3.38	1.03	2.11	5.25	0.00	0.11	0.00	0.00	88.11
1338331017	11.544	2.535	3.38	1.03	2.11	5.25	0.00	0.11	0.00	0.00	88.12
1338331018	11.19283	0.8	3.38	1.03	2.11	5.25	0.00	0.11	0.00	0.00	88.12
1338331019	11.19283	0.8	3.38	1.03	2.11	5.25	0.00	0.11	0.00	0.00	88.12
1338331020	11.19283	0.8	3.38	1.03	2.11	5.25	0.00	0.11	0.00	0.00	88.12
1338331021	11.19283	0.8	3.38	1.03	2.11	5.25	0.00	0.11	0.00	0.00	88.13
1338331022	11.19283	0.8	3.38	1.03	2.11	5.25	0.00	0.11	0.00	0.00	88.13
1338331023	11.19283	0.8	3.38	1.03	2.11	5.24	0.00	0.11	0.00	0.00	88.13
1338331024	11.19283	0.8	3.38	1.03	2.11	5.24	0.00	0.11	0.00	0.00	88.14
1338331025	11.19283	0.8	3.38	1.03	2.11	5.24	0.00	0.11	0.00	0.00	88.14
1338331026	11.19283	0.8	3.38	1.03	2.11	5.24	0.00	0.11	0.00	0.00	88.14
1338331027	11.19283	0.8	3.38	1.03	2.11	5.24	0.00	0.11	0.00	0.00	88.15
1338331028	11.19283	0.8	3.37	1.03	2.11	5.24	0.00	0.11	0.00	0.00	88.15
1338331029	11.19283	0.8	3.37	1.02	2.11	5.24	0.00	0.11	0.00	0.00	88.15
1338331031	11.19283	0.8	3.37	1.02	2.11	5.23	0.00	0.11	0.00	0.00	88.15
1338331032	11.19283	0.8	3.37	1.02	2.11	5.23	0.00	0.11	0.00	0.00	88.15
1338331033	11.19283	0.8	3.37	1.02	2.11	5.23	0.00	0.11	0.00	0.00	88.15
1338331034	14.154991	0.8	3.37	1.02	2.11	5.23	0.00	0.11	0.00	0.00	88.15
1338331035	14.154991	0.8	3.37	1.02	2.11	5.23	0.00	0.11	0.00	0.00	88.15
1338331036	14.154991	0.8	3.37	1.02	2.11	5.23	0.00	0.11	0.00	0.00	88.16
1338331037	14.154991	0.8	3.37	1.02	2.12	5.22	0.00	0.11	0.00	0.00	88.16
1338331038	14.154991	0.8	3.37	1.02	2.12	5.22	0.00	0.11	0.00	0.00	88.16
1338331039	14.154991	0.8	3.37	1.02	2.12	5.22	0.00	0.11	0.00	0.00	88.16
1338331040	14.154991	0.8	3.37	1.02	2.12	5.22	0.00	0.11	0.00	0.00	88.16
1338331041	14.154991	0.8	3.37	1.02	2.12	5.22	0.00	0.11	0.00	0.00	88.16
1338331042	14.154991	0.8	3.37	1.02	2.12	5.22	0.00	0.11	0.00	0.00	88.17
1338331043	14.154991	0.8	3.37	1.02	2.12	5.21	0.00	0.11	0.00	0.00	88.17
1338331044	14.154991	0.8	3.37	1.02	2.12	5.21	0.00	0.11	0.00	0.00	88.17
1338331045	14.154991	0.8	3.37	1.02	2.12	5.21	0.00	0.11	0.00	0.00	88.17
1338331046	14.154991	0.8	3.37	1.02	2.12	5.21	0.00	0.11	0.00	0.00	88.17
1338331047	14.154991	0.8	3.37	1.02	2.12	5.21	0.00	0.11	0.00	0.00	88.18
1338331048	14.154991	0.8	3.37	1.02	2.12	5.21	0.00	0.11	0.00	0.00	88.18
1338331049	14.042554	0.8	3.37	1.02	2.12	5.21	0.00	0.11	0.00	0.00	88.18
1338331050	14.042554	0.8	3.37	1.02	2.12	5.20	0.00	0.11	0.00	0.00	88.18
1338331051	14.042554	0.8	3.37	1.02	2.12	5.20	0.00	0.11	0.00	0.00	88.18
1338331052	14.042554	0.8	3.37	1.02	2.12	5.20	0.00	0.11	0.00	0.00	88.18
1338331053	14.042554	0.8	3.37	1.02	2.12	5.20	0.00	0.11	0.00	0.00	88.18
1338331054	14.042554	0.8	3.37	1.02	2.12	5.20	0.00	0.11	0.00	0.00	88.18
1338331055	14.042554	0.8	3.37	1.02	2.12	5.20	0.00	0.11	0.00	0.00	88.19
1338331056	14.042554	0.8	3.37	1.02	2.13	5.19	0.00	0.11	0.00	0.00	88.19
1338331057	14.042554	0.8	3.37	1.02	2.13	5.19	0.00	0.11	0.00	0.00	88.19
1338331058	14.042554	0.8	3.37	1.02	2.13	5.19	0.00	0.11	0.00	0.00	88.19
1338331059	14.042554	0.8	3.37	1.01	2.13	5.19	0.00	0.11	0.00	0.00	88.19
1338331060	14.042554	0.8	3.36	1.01	2.13	5.19	0.00	0.11	0.00	0.00	88.20
1338331061	14.042554	0.8	3.36	1.01	2.13	5.19	0.00	0.11	0.00	0.00	88.20
1338331062	14.042554	0.8	3.36	1.01	2.13	5.19	0.00	0.11	0.00	0.00	88.20
1338331064	14.042554	0.8	3.36	1.01	2.13	5.18	0.00	0.11	0.00	0.00	88.20
1338331065	13.79002	0.8	3.36	1.01	2.13	5.18	0.00	0.11	0.00	0.00	88.20
1338331066	13.79002	0.8	3.36	1.01	2.13	5.18	0.00	0.11	0.00	0.00	88.21
1338331067	13.79002	0.8	3.36	1.01	2.13	5.18	0.00	0.11	0.00	0.00	88.21
1338331068	13.79002	0.8	3.36	1.01	2.13	5.18	0.00	0.11	0.00	0.00	88.21
1338331069	13.79002	0.8	3.36	1.01	2.13	5.18	0.00	0.11	0.00	0.00	88.21
1338331070	13.79002	0.8	3.36	1.01	2.13	5.18	0.00	0.11	0.00	0.00	88.21
1338331071	13.79002	0.8	3.36	1.01	2.13	5.17	0.00	0.11	0.00	0.00	88.21
1338331072	13.79002	0.8	3.36	1.01	2.13	5.17	0.00	0.11	0.00	0.00	88.22
1338331073	13.79002	0.8	3.36	1.01	2.13	5.17	0.00	0.11	0.00	0.00	88.22
1338331074	13.79002	0.8	3.36	1.01	2.13	5.17	0.00	0.11	0.00	0.00	88.22
1338331075	13.79002	0.8	3.36	1.01	2.13	5.17	0.00	0.11	0.00	0.00	88.22
1338331076	13.79002	0.8	3.36	1.01	2.13	5.17	0.00	0.11	0.00	0.00	88.22
1338331077	13.79002	0.8	3.36	1.01	2.13	5.16	0.00	0.11	0.00	0.00	88.23
1338331078	13.79002	0.8	3.36	1.01	2.13	5.16	0.00	0.11	0.00	0.00	88.23
1338331079	13.79002	0.8	3.36	1.01	2.13	5.16	0.00	0.11	0.00	0.00	88.23
1338331080	13.702209	0.8	3.36	1.01	2.13	5.16	0.00	0.11	0.00	0.00	88.23
1338331081	13.702209	0.8	3.35	1.01	2.14	5.16	0.00	0.11	0.00	0.00	88.23
1338331082	13.702209	0.8	3.35	1.01	2.14	5.16	0.00	0.11	0.00	0.00	88.24
1338331083	13.702209	0.8	3.35	1.01	2.14	5.15	0.00	0.11	0.00	0.00	88.24
1338331084	13.702209	0.8	3.35	1.01	2.14	5.15	0.00	0.11	0.00	0.00	88.24
1338331085	13.702209	0.8	3.35	1.01	2.14	5.15	0.00	0.11	0.00	0.00	88.24
1338331086	13.702209	0.8	3.35	1.01	2.14	5.15	0.00	0.11	0.00	0.00	88.24
1338331087	13.702209	0.8	3.35	1.01	2.14	5.15	0.00	0.11	0.00	0.00	88.24
1338331088	13.702209	0.8	3.35	1.01	2.14	5.15	0.00	0.11	0.00	0.00	88.25
1338331089	13.702209	0.8	3.35	1.00	2.14	5.14	0.00	0.11	0.00	0.00	88.25
1338331090	13.702209	0.8	3.35	1.00	2.14	5.14	0.00	0.11	0.00	0.00	88.25
1338331091	13.702209	0.8	3.35	1.00	2.14	5.14	0.00	0.11	0.00	0.00	88.25
1338331092	13.702209	0.8	3.35	1.00	2.14	5.14	0.00	0.11	0.00	0.00	88.25
1338331093	13.702209	0.8	3.35	1.00	2.14	5.14	0.00	0.11	0.00	0.00	88.25
1338331094	13.702209	0.8	3.35	1.00	2.14	5.14	0.00	0.11	0.00	0.00	88.26
1338331095	14.144918	0.8	3.35	1.00	2.14	5.14	0.00	0.11	0.00	0.00	88.26
1338331096	14.144918	0.8	3.35	1.00	2.14	5.13	0.00	0.11	0.00	0.00	88.26
1338331097	14.144918	0.8	3.35	1.00	2.14	5.13	0.00	0.11	0.00	0.00	88.26
1338331099	14.144918	0.8	3.35	1.00	2.14	5.13	0.00	0.11	0.00	0.00	88.26
1338331100	14.144918	0.8	3.35	1.00	2.14	5.13	0.00	0.11	0.00	0.00	88.27
1338331101	14.144918	0.8	3.35	1.00	2.14	5.13	0.00	0.11	0.00	0.00	88.27
1338331102	14.144918	0.8	3.35	1.00	2.14	5.13	0.00	0.11	0.00	0.00	88.27
1338331103	14.144918	0.8	3.35	1.00	2.14	5.12	0.00	0.11	0.00	0.00	88.27
1338331104	14.144918	0.8	3.34	1.00	2.14	5.12	0.00	0.11	0.00	0.00	88.28
1338331105	14.144918	0.8	3.34	1.00	2.14	5.12	0.00	0.11	0.00	0.00	88.28
1338331106	14.144918	0.8	3.34	1.00	2.14	5.12	0.00	0.11	0.00	0.00	88.28
1338331107	14.144918	0.8	3.34	1.00	2.14	5.12	0.00	0.11	0.00	0.00	88.29
1338331108	14.144918	0.8	3.34	1.00	2.14	5.12	0.00	0.11	0.00	0.00	88.29
1338331109	14.144918	0.8	3.34	1.00	2.14	5.11	0.00	0.11	0.00	0.00	88.29
1338331110	14.144918	0.8	3.34	1.00	2.14	5.11	0.00	0.11	0.00	0.00	88.29
1338331111	11.591392	0.8	3.34	1.00	2.14	5.11	0.00	0.11	0.00	0.00	88.30
1338331112	11.591392	0.8	3.34	1.00	2.14	5.11	0.00	0.11	0.00	0.00	88.30
1338331113	11.591392	0.8	3.34	1.00	2.14	5.11	0.00	0.11	0.00	0.00	88.30
1338331114	11.591392	0.8	3.34	1.00	2.14	5.11	0.00	0.11	0.00	0.00	88.30
1338331115	11.591392	0.8	3.34	1.00	2.14	5.10	0.00	0.11	0.00	0.00	88.31
1338331116	11.591392	0.8	3.34	1.00	2.14	5.10	0.00	0.11	0.00	0.00	88.31
1338331117	11.591392	0.8	3.34	1.00	2.14	5.10	0.00	0.11	0.00	0.00	88.31
1338331118	11.591392	0.8	3.33	1.00	2.14	5.10	0.00	0.11	0.00	0.00	88.32
1338331119	11.591392	0.8	3.33	1.00	2.14	5.10	0.00	0.11	0.00	0.00	88.32
1338331120	11.591392	0.8	3.33	1.00	2.14	5.10	0.00	0.11	0.00	0.00	88.32
1338331121	11.591392	0.8	3.33	0.99	2.14	5.10	0.00	0.11	0.00	0.00	88.32
1338331122	11.591392	0.8	3.33	0.99	2.14	5.09	0.00	0.11	0.00	0.00	88.33
1338331123	11.591392	0.8	3.33	0.99	2.14	5.09	0.00	0.11	0.00	0.00	88.33
1338331124	11.591392	0.8	3.33	0.99	2.14	5.09	0.00	0.11	0.00	0.00	88.33
1338331125	11.591392	0.8	3.33	0.99	2.14	5.09	0.00	0.11	0.00	0.00	88.34
1338331126	11.347786	0.8	3.33	0.99	2.14	5.09	0.00	0.11	0.00	0.00	88.34
1338331127	11.347786	0.8	3.33	0.99	2.14	5.09	0.00	0.11	0.00	0.00	88.34
1338331128	11.347786	0.8	3.33	0.99	2.14	5.08	0.00	0.11	0.00	0.00	88.34
1338331129	11.347786	0.8	3.33	0.99	2.14	5.08	0.00	0.11	0.00	0.00	88.35
1338331130	11.347786	0.8	3.33	0.99	2.14	5.08	0.00	0.11	0.00	0.00	88.35
1338331131	11.347786	0.8	3.32	0.99	2.14	5.08	0.00	0.11	0.00	0.00	88.35
1338331132	11.347786	0.8	3.32	0.99	2.14	5.08	0.00	0.11	0.00	0.00	88.36
1338331134	11.347786	0.8	3.32	0.99	2.14	5.08	0.00	0.11	0.00	0.00	88.36
1338331135	11.347786	0.8	3.32	0.99	2.14	5.07	0.00	0.11	0.00	0.00	88.36
1338331136	11.347786	0.8	3.32	0.99	2.14	5.07	0.00	0.11	0.00	0.00	88.36
1338331137	11.347786	0.8	3.32	0.99	2.14	5.07	0.00	0.11	0.00	0.00	88.37
1338331138	11.347786	0.8	3.32	0.99	2.14	5.07	0.00	0.11	0.00	0.00	88.37
1338331139	11.347786	0.8	3.32	0.99	2.14	5.07	0.00	0.11	0.00	0.00	88.37
1338331140	11.347786	0.8	3.32	0.99	2.14	5.07	0.00	0.11	0.00	0.00	88.37
1338331141	11.180325	0.8	3.32	0.99	2.14	5.06	0.00	0.11	0.00	0.00	88.38
1338331142	11.180325	0.8	3.32	0.99	2.15	5.06	0.00	0.11	0.00	0.00	88.37
1338331143	11.180325	0.8	3.32	0.99	2.15	5.06	0.00	0.11	0.00	0.00	88.37
1338331144	11.180325	0.8	3.32	0.99	2.15	5.06	0.00	0.11	0.00	0.00	88.37
1338331145	11.180325	0.8	3.32	0.99	2.15	5.06	0.00	0.11	0.00	0.00	88.38
1338331146	11.180325	0.8	3.32	0.99	2.15	5.06	0.00	0.11	0.00	0.00	88.38
1338331147	11.180325	0.8	3.32	0.99	2.15	5.06	0.00	0.11	0.00	0.00	88.38
1338331148	11.180325	0.8	3.32	0.99	2.15	5.06	0.00	0.11	0.00	0.00	88.38
1338331149	11.180325	0.8	3.32	0.99	2.15	5.05	0.00	0.11	0.00	0.00	88.39
1338331150	11.180325	0.8	3.31	0.99	2.15	5.05	0.00	0.11	0.00	0.00	88.39
1338331151	11.180325	0.8	3.31	0.99	2.15	5.05	0.00	0.11	0.00	0.00	88.39
1338331152	11.180325	0.8	3.31	0.99	2.15	5.05	0.00	0.11	0.00	0.00	88.40
1338331153	11.180325	0.8	3.31	0.98	2.15	5.05	0.00	0.11	0.00	0.00	88.40
1338331154	11.180325	0.8	3.31	0.98	2.15	5.05	0.00	0.11	0.00	0.00	88.40
1338331155	11.180325	0.8	3.31	0.98	2.15	5.04	0.00	0.11	0.00	0.00	88.41
1338331156	11.36619	0.8	3.31	0.98	2.14	5.04	0.00	0.11	0.00	0.00	88.41
1338331157	11.36619	0.8	3.31	0.98	2.14	5.04	0.00	0.11	0.00	0.00	88.41
1338331158	11.36619	0.8	3.31	0.98	2.14	5.04	0.00	0.11	0.00	0.00	88.41
1338331159	11.36619	0.8	3.31	0.98	2.14	5.04	0.00	0.11	0.00	0.00	88.42
1338331160	11.36619	0.8	3.31	0.98	2.14	5.04	0.00	0.11	0.00	0.00	88.42
1338331161	11.36619	0.8	3.31	0.98	2.14	5.04	0.00	0.11	0.00	0.00	88.42
1338331162	11.36619	0.8	3.30	0.98	2.14	5.03	0.00	0.11	0.00	0.00	88.42
1338331163	11.36619	0.8	3.30	0.98	2.14	5.03	0.00	0.11	0.00	0.00	88.43
1338331164	11.36619	0.8	3.30	0.98	2.14	5.03	0.00	0.11	0.00	0.00	88.43
1338331165	11.36619	0.8	3.30	0.98	2.15	5.03	0.00	0.11	0.00	0.00	88.43
1338331166	11.36619	0.8	3.30	0.98	2.15	5.03	0.00	0.11	0.00	0.00	88.43
1338331167	11.36619	0.8	3.30	0.98	2.15	5.03	0.00	0.11	0.00	0.00	88.43
1338331169	11.36619	0.8	3.30	0.98	2.15	5.03	0.00	0.11	0.00	0.00	88.43
1338331170	11.36619	0.8	3.30	0.98	2.15	5.02	0.00	0.11	0.00	0.00	88.44
1338331171	11.36619	0.8	3.30	0.98	2.15	5.02	0.00	0.11	0.00	0.00	88.44
1338331172	13.741695	0.8	3.30	0.98	2.15	5.02	0.00	0.11	0.00	0.00	88.44
1338331173	13.741695	0.8	3.30	0.98	2.15	5.02	0.00	0.11	0.00	0.00	88.44
1338331174	13.741695	0.8	3.30	0.98	2.15	5.02	0.00	0.11	0.00	0.00	88.44
1338331175	13.741695	0.8	3.30	0.98	2.15	5.02	0.00	0.11	0.00	0.00	88.44
1338331176	13.741695	0.8	3.30	0.98	2.15	5.02	0.00	0.11	0.00	0.00	88.45
1338331177	13.741695	0.8	3.30	0.98	2.15	5.01	0.00	0.11	0.00	0.00	88.45
1338331178	13.741695	0.8	3.30	0.98	2.15	5.01	0.00	0.11	0.00	0.00	88.45
1338331179	13.741695	0.8	3.30	0.98	2.15	5.01	0.00	0.11	0.00	0.00	88.45
1338331180	13.741695	0.8	3.30	0.98	2.15	5.01	0.00	0.11	0.00	0.00	88.45
1338331181	13.741695	0.8	3.30	0.98	2.15	5.01	0.00	0.11	0.00	0.00	88.46
1338331182	13.741695	0.8	3.29	0.98	2.15	5.01	0.00	0.11	0.00	0.00	88.46
1338331183	13.741695	0.8	3.29	0.98	2.15	5.01	0.00	0.11	0.00	0.00	88.46
1338331184	13.741695	0.8	3.29	0.98	2.15	5.00	0.00	0.11	0.00	0.00	88.46
1338331185	13.741695	0.8	3.29	0.97	2.15	5.00	0.00	0.11	0.00	0.00	88.46
1338331186	13.741695	0.8	3.29	0.97	2.15	5.00	0.00	0.11	0.00	0.00	88.46
1338331187	14.086191	0.8	3.29	0.97	2.15	5.00	0.00	0.11	0.00	0.00	88.47
1338331188	14.086191	0.8	3.29	0.97	2.15	5.00	0.00	0.11	0.00	0.00	88.47
1338331189	14.086191	0.8	3.29	0.97	2.16	5.00	0.00	0.11	0.00	0.00	88.47
1338331190	14.086191	0.8	3.29	0.97	2.16	4.99	0.00	0.11	0.00	0.00	88.47
1338331191	14.086191	0.8	3.29	0.97	2.16	4.99	0.00	0.11	0.00	0.00	88.47
1338331192	14.086191	0.8	3.29	0.97	2.16	4.99	0.00	0.11	0.00	0.00	88.47
1338331193	14.086191	0.8	3.29	0.97	2.16	4.99	0.00	0.11	0.00	0.00	88.48
1338331194	14.086191	0.8	3.29	0.97	2.16	4.99	0.00	0.11	0.00	0.00	88.48
1338331195	14.086191	0.8	3.29	0.97	2.16	4.99	0.00	0.11	0.00	0.00	88.48
1338331196	14.086191	0.8	3.29	0.97	2.16	4.99	0.00	0.12	0.00	0.00	88.48
1338331197	14.086191	0.8	3.29	0.97	2.16	4.99	0.00	0.11	0.00	0.00	88.48
1338331198	14.086191	0.8	3.29	0.97	2.16	4.98	0.00	0.11	0.00	0.00	88.48
1338331199	14.086191	0.8	3.29	0.97	2.16	4.98	0.00	0.12	0.00	0.00	88.48
1338331200	14.086191	0.8	3.29	0.97	2.16	4.98	0.00	0.12	0.00	0.00	88.49
1338331201	14.086191	0.8	3.29	0.97	2.16	4.98	0.00	0.12	0.00	0.00	88.49
1338331202	13.35263	0.8	3.29	0.97	2.16	4.98	0.00	0.12	0.00	0.00	88.49
1338331204	13.35263	0.8	3.29	0.97	2.16	4.98	0.00	0.12	0.00	0.00	88.49
1338331205	13.35263	0.8	3.29	0.97	2.16	4.97	0.00	0.12	0.00	0.00	88.49
1338331206	13.35263	0.8	3.29	0.97	2.16	4.97	0.00	0.12	0.00	0.00	88.49
1338331207	13.35263	2.535	3.29	0.97	2.16	4.97	0.00	0.12	0.00	0.00	88.50
1338331208	13.35263	0.8	3.29	0.97	2.16	4.97	0.00	0.12	0.00	0.00	88.50
1338331209	13.35263	0.8	3.28	0.97	2.16	4.97	0.00	0.12	0.00	0.00	88.50
1338331210	13.35263	0.8	3.28	0.97	2.16	4.97	0.00	0.12	0.00	0.00	88.50
1338331211	13.35263	0.8	3.28	0.97	2.16	4.97	0.00	0.12	0.00	0.00	88.50
1338331212	13.35263	0.8	3.28	0.97	2.16	4.97	0.00	0.12	0.00	0.00	88.50
1338331213	13.35263	0.8	3.28	0.97	2.16	4.96	0.00	0.12	0.00	0.00	88.51
1338331214	13.35263	0.8	3.28	0.97	2.16	4.96	0.00	0.12	0.00	0.00	88.51
1338331215	13.35263	0.8	3.28	0.97	2.16	4.96	0.00	0.12	0.00	0.00	88.51
1338331216	13.35263	0.8	3.28	0.97	2.16	4.96	0.00	0.12	0.00	0.00	88.51
1338331217	13.35263	0.8	3.28	0.97	2.17	4.96	0.00	0.12	0.00	0.00	88.51
1338331218	13.958982	0.8	3.28	0.96	2.17	4.96	0.00	0.12	0.00	0.00	88.51
1338331219	13.958982	0.8	3.28	0.96	2.17	4.96	0.00	0.12	0.00	0.00	88.52
1338331220	13.958982	0.8	3.28	0.96	2.17	4.95	0.00	0.12	0.00	0.00	88.52
1338331221	13.958982	0.8	3.28	0.96	2.17	4.95	0.00	0.12	0.00	0.00	88.52
1338331222	13.958982	0.8	3.28	0.96	2.17	4.95	0.00	0.12	0.00	0.00	88.52
1338331223	13.958982	0.8	3.28	0.96	2.17	4.95	0.00	0.12	0.00	0.00	88.52
1338331224	13.958982	0.8	3.28	0.96	2.17	4.95	0.00	0.12	0.00	0.00	88.52
1338331225	13.958982	0.8	3.28	0.96	2.17	4.95	0.00	0.12	0.00	0.00	88.53
1338331226	13.958982	0.8	3.28	0.96	2.17	4.94	0.00	0.12	0.00	0.00	88.53
1338331227	13.958982	0.8	3.28	0.96	2.17	4.94	0.00	0.12	0.00	0.00	88.53
1338331228	13.958982	0.8	3.28	0.96	2.17	4.94	0.00	0.12	0.00	0.00	88.53
1338331229	13.958982	0.8	3.28	0.96	2.17	4.94	0.00	0.12	0.00	0.00	88.53
1338331230	13.958982	0.8	3.27	0.96	2.17	4.94	0.00	0.12	0.00	0.00	88.53
1338331231	13.958982	0.8	3.27	0.96	2.17	4.94	0.00	0.12	0.00	0.00	88.54
1338331232	13.958982	0.8	3.27	0.96	2.17	4.94	0.00	0.12	0.00	0.00	88.54
1338331233	14.10696	0.8	3.27	0.96	2.17	4.94	0.00	0.12	0.00	0.00	88.54
1338331234	14.10696	0.8	3.27	0.96	2.17	4.93	0.00	0.12	0.00	0.00	88.54
1338331235	14.10696	0.8	3.27	0.96	2.17	4.93	0.00	0.12	0.00	0.00	88.54
1338331237	14.10696	0.8	3.27	0.96	2.17	4.93	0.00	0.12	0.00	0.00	88.55
1338331238	14.10696	0.8	3.27	0.96	2.17	4.93	0.00	0.12	0.00	0.00	88.55
1338331239	14.10696	0.8	3.27	0.96	2.17	4.93	0.00	0.12	0.00	0.00	88.55
1338331240	14.10696	0.8	3.27	0.96	2.17	4.93	0.00	0.12	0.00	0.00	88.55
1338331241	14.10696	0.8	3.27	0.96	2.17	4.92	0.00	0.12	0.00	0.00	88.56
1338331242	14.10696	0.8	3.27	0.96	2.17	4.92	0.00	0.12	0.00	0.00	88.56
1338331243	14.10696	0.8	3.27	0.96	2.17	4.92	0.00	0.12	0.00	0.00	88.56
1338331244	14.10696	0.8	3.27	0.96	2.17	4.92	0.00	0.12	0.00	0.00	88.56
1338331245	14.10696	0.8	3.27	0.96	2.17	4.92	0.00	0.12	0.00	0.00	88.57
1338331246	14.10696	0.8	3.27	0.96	2.17	4.92	0.00	0.12	0.00	0.00	88.57
1338331247	14.10696	0.8	3.26	0.96	2.17	4.92	0.00	0.12	0.00	0.00	88.57
1338331248	14.10696	0.8	3.26	0.96	2.17	4.91	0.00	0.12	0.00	0.00	88.57
1338331249	11.474436	0.8	3.26	0.96	2.17	4.91	0.00	0.12	0.00	0.00	88.58
1338331250	11.474436	0.8	3.26	0.96	2.17	4.91	0.00	0.12	0.00	0.00	88.58
1338331251	11.474436	0.8	3.26	0.96	2.17	4.91	0.00	0.12	0.00	0.00	88.58
1338331252	11.474436	0.8	3.26	0.95	2.17	4.91	0.00	0.12	0.00	0.00	88.59
1338331253	11.474436	0.8	3.26	0.95	2.17	4.91	0.00	0.12	0.00	0.00	88.59
1338331254	11.474436	0.8	3.26	0.95	2.17	4.91	0.00	0.12	0.00	0.00	88.59
1338331255	11.474436	0.8	3.26	0.95	2.17	4.90	0.00	0.12	0.00	0.00	88.59
1338331256	11.474436	0.8	3.26	0.95	2.17	4.90	0.00	0.12	0.00	0.00	88.60
1338331257	11.474436	0.8	3.26	0.95	2.17	4.90	0.00	0.12	0.00	0.00	88.60
1338331258	11.474436	0.8	3.26	0.95	2.17	4.90	0.00	0.12	0.00	0.00	88.60
1338331259	11.474436	0.8	3.26	0.95	2.17	4.90	0.00	0.12	0.00	0.00	88.60
1338331260	11.474436	0.8	3.26	0.95	2.17	4.90	0.00	0.12	0.00	0.00	88.61
1338331261	11.474436	0.8	3.25	0.95	2.17	4.90	0.00	0.12	0.00	0.00	88.61
1338331262	11.474436	0.8	3.25	0.95	2.17	4.89	0.00	0.12	0.00	0.00	88.61
1338331263	11.474436	0.8	3.25	0.95	2.17	4.89	0.00	0.12	0.00	0.00	88.61
1338331264	11.516052	0.8	3.25	0.95	2.17	4.89	0.00	0.12	0.00	0.00	88.62
1338331265	11.516052	0.8	3.25	0.95	2.17	4.89	0.00	0.12	0.00	0.00	88.62
1338331266	11.516052	0.8	3.25	0.95	2.17	4.89	0.00	0.12	0.00	0.00	88.62
1338331267	11.516052	0.8	3.25	0.95	2.17	4.89	0.00	0.12	0.00	0.00	88.62
1338331268	11.516052	0.8	3.25	0.95	2.17	4.89	0.00	0.12	0.00	0.00	88.63
1338331269	11.516052	0.8	3.25	0.95	2.17	4.88	0.00	0.12	0.00	0.00	88.63
1338331270	11.516052	0.8	3.25	0.95	2.17	4.88	0.00	0.12	0.00	0.00	88.63
1338331272	11.516052	0.8	3.25	0.95	2.17	4.88	0.00	0.12	0.00	0.00	88.63
1338331273	11.516052	0.8	3.25	0.95	2.17	4.88	0.00	0.12	0.00	0.00	88.64
1338331274	11.516052	0.8	3.25	0.95	2.17	4.88	0.00	0.12	0.00	0.00	88.64
1338331275	11.516052	0.8	3.25	0.95	2.17	4.88	0.00	0.12	0.00	0.00	88.64
1338331276	11.516052	0.8	3.25	0.95	2.17	4.87	0.00	0.12	0.00	0.00	88.64
1338331277	11.516052	0.8	3.24	0.95	2.17	4.87	0.00	0.12	0.00	0.00	88.65
1338331278	11.516052	0.8	3.24	0.95	2.17	4.87	0.00	0.12	0.00	0.00	88.65
1338331279	11.516052	0.8	3.24	0.95	2.17	4.87	0.00	0.12	0.00	0.00	88.65
1338331280	12.382017	0.8	3.24	0.95	2.17	4.87	0.00	0.12	0.00	0.00	88.65
1338331281	12.382017	0.8	3.24	0.95	2.17	4.87	0.00	0.12	0.00	0.00	88.66
1338331282	12.382017	0.8	3.24	0.95	2.17	4.87	0.00	0.12	0.00	0.00	88.66
1338331283	12.382017	0.8	3.24	0.95	2.17	4.86	0.00	0.12	0.00	0.00	88.66
1338331284	12.382017	0.8	3.24	0.95	2.17	4.86	0.00	0.12	0.00	0.00	88.67
1338331285	12.382017	0.8	3.24	0.95	2.17	4.86	0.00	0.12	0.00	0.00	88.67
1338331286	12.382017	0.8	3.24	0.94	2.17	4.86	0.00	0.12	0.00	0.00	88.67
1338331287	12.382017	0.8	3.24	0.94	2.17	4.86	0.00	0.12	0.00	0.00	88.67
1338331288	12.382017	0.8	3.24	0.94	2.17	4.86	0.00	0.12	0.00	0.00	88.68
1338331289	12.382017	0.8	3.24	0.94	2.17	4.86	0.00	0.12	0.00	0.00	88.68
1338331290	12.382017	0.8	3.24	0.94	2.17	4.85	0.00	0.12	0.00	0.00	88.68
1338331291	12.382017	0.8	3.23	0.94	2.17	4.85	0.00	0.12	0.00	0.00	88.68
1338331292	12.382017	0.8	3.23	0.94	2.17	4.85	0.00	0.12	0.00	0.00	88.69
1338331293	12.382017	0.8	3.23	0.94	2.17	4.85	0.00	0.12	0.00	0.00	88.69
1338331294	12.382017	0.8	3.23	0.94	2.17	4.85	0.00	0.12	0.00	0.00	88.69
1338331295	12.304292	0.8	3.23	0.94	2.17	4.85	0.00	0.12	0.00	0.00	88.69
1338331296	12.304292	0.8	3.23	0.94	2.17	4.85	0.00	0.12	0.00	0.00	88.69
1338331297	12.304292	0.8	3.23	0.94	2.17	4.85	0.00	0.12	0.00	0.00	88.69
1338331298	12.304292	0.8	3.23	0.94	2.17	4.84	0.00	0.12	0.00	0.00	88.70
1338331299	12.304292	0.8	3.23	0.94	2.17	4.84	0.00	0.12	0.00	0.00	88.70
1338331300	12.304292	0.8	3.23	0.94	2.17	4.84	0.00	0.12	0.00	0.00	88.70
1338331301	12.304292	0.8	3.23	0.94	2.17	4.84	0.00	0.12	0.00	0.00	88.70
1338331302	12.304292	0.8	3.23	0.94	2.17	4.84	0.00	0.12	0.00	0.00	88.70
1338331303	12.304292	0.8	3.23	0.94	2.17	4.84	0.00	0.12	0.00	0.00	88.70
1338331304	12.304292	0.8	3.23	0.94	2.17	4.84	0.00	0.12	0.00	0.00	88.71
1338331305	12.304292	0.8	3.23	0.94	2.17	4.84	0.00	0.12	0.00	0.00	88.71
1338331307	12.304292	0.8	3.23	0.94	2.17	4.83	0.00	0.12	0.00	0.00	88.71
1338331308	12.304292	0.8	3.23	0.94	2.17	4.83	0.00	0.12	0.00	0.00	88.71
1338331309	12.304292	0.8	3.23	0.94	2.17	4.83	0.00	0.12	0.00	0.00	88.71
1338331310	12.304292	0.8	3.23	0.94	2.17	4.83	0.00	0.12	0.00	0.00	88.71
1338331311	13.881384	0.8	3.23	0.94	2.18	4.83	0.00	0.12	0.00	0.00	88.71
1338331312	13.881384	0.8	3.23	0.94	2.18	4.83	0.00	0.12	0.00	0.00	88.72
1338331313	13.881384	0.8	3.23	0.94	2.18	4.83	0.00	0.12	0.00	0.00	88.72
1338331314	13.881384	0.8	3.23	0.94	2.18	4.82	0.00	0.12	0.00	0.00	88.72
1338331315	13.881384	0.8	3.22	0.94	2.18	4.82	0.00	0.12	0.00	0.00	88.72
1338331316	13.881384	0.8	3.22	0.94	2.18	4.82	0.00	0.12	0.00	0.00	88.72
1338331317	13.881384	0.8	3.22	0.94	2.18	4.82	0.00	0.12	0.00	0.00	88.72
1338331318	13.881384	0.8	3.22	0.94	2.18	4.82	0.00	0.12	0.00	0.00	88.72
1338331319	13.881384	0.8	3.22	0.94	2.18	4.82	0.00	0.12	0.00	0.00	88.72
1338331320	13.881384	0.8	3.22	0.94	2.18	4.82	0.00	0.12	0.00	0.00	88.73
1338331321	13.881384	0.8	3.22	0.94	2.18	4.82	0.00	0.12	0.00	0.00	88.73
1338331322	13.881384	0.8	3.22	0.93	2.18	4.81	0.00	0.12	0.00	0.00	88.73
1338331323	13.881384	0.8	3.22	0.93	2.18	4.81	0.00	0.12	0.00	0.00	88.73
1338331324	13.881384	0.8	3.22	0.93	2.18	4.81	0.00	0.12	0.00	0.00	88.73
1338331325	13.881384	0.8	3.22	0.93	2.18	4.81	0.00	0.12	0.00	0.00	88.73
1338331326	14.861588	0.8	3.22	0.93	2.18	4.81	0.00	0.12	0.00	0.00	88.73
1338331327	14.861588	0.8	3.22	0.93	2.18	4.81	0.00	0.12	0.00	0.00	88.74
1338331328	14.861588	0.8	3.22	0.93	2.18	4.81	0.00	0.12	0.00	0.00	88.74
1338331329	14.861588	0.8	3.22	0.93	2.18	4.81	0.00	0.12	0.00	0.00	88.74
1338331330	14.861588	0.8	3.22	0.93	2.18	4.80	0.00	0.12	0.00	0.00	88.74
1338331331	14.861588	0.8	3.22	0.93	2.18	4.80	0.00	0.12	0.00	0.00	88.74
1338331332	14.861588	0.8	3.22	0.93	2.19	4.80	0.00	0.12	0.00	0.00	88.74
1338331333	14.861588	0.8	3.22	0.93	2.19	4.80	0.00	0.12	0.00	0.00	88.74
1338331334	14.861588	0.8	3.22	0.93	2.19	4.80	0.00	0.12	0.00	0.00	88.74
1338331335	14.861588	0.8	3.22	0.93	2.19	4.80	0.00	0.12	0.00	0.00	88.74
1338331336	14.861588	0.8	3.22	0.93	2.19	4.80	0.00	0.12	0.00	0.00	88.75
1338331337	14.861588	0.8	3.22	0.93	2.19	4.80	0.00	0.12	0.00	0.00	88.75
1338331338	14.861588	0.8	3.22	0.93	2.19	4.80	0.00	0.12	0.00	0.00	88.75
1338331339	14.861588	0.8	3.22	0.93	2.19	4.79	0.00	0.12	0.00	0.00	88.75
1338331340	14.861588	0.8	3.22	0.93	2.19	4.79	0.00	0.12	0.00	0.00	88.75
1338331342	14.56539	0.8	3.22	0.93	2.19	4.79	0.00	0.12	0.00	0.00	88.75
1338331343	14.56539	0.8	3.22	0.93	2.19	4.79	0.00	0.12	0.00	0.00	88.76
1338331344	14.56539	0.8	3.22	0.93	2.19	4.79	0.00	0.12	0.00	0.00	88.76
1338331345	14.56539	0.8	3.22	0.93	2.19	4.79	0.00	0.12	0.00	0.00	88.76
1338331346	14.56539	0.8	3.22	0.93	2.19	4.79	0.00	0.12	0.00	0.00	88.76
1338331347	14.56539	0.8	3.21	0.93	2.19	4.78	0.00	0.12	0.00	0.00	88.76
1338331348	14.56539	2.535	3.21	0.93	2.19	4.78	0.00	0.12	0.00	0.00	88.76
1338331349	14.56539	0.8	3.21	0.93	2.19	4.78	0.00	0.12	0.00	0.00	88.76
1338331350	14.56539	0.8	3.22	0.93	2.19	4.78	0.00	0.12	0.00	0.00	88.76
1338331351	14.56539	0.8	3.22	0.93	2.19	4.78	0.00	0.12	0.00	0.00	88.77
1338331352	14.56539	0.8	3.21	0.93	2.19	4.78	0.00	0.12	0.00	0.00	88.77
1338331353	14.56539	0.8	3.21	0.93	2.19	4.78	0.00	0.12	0.00	0.00	88.77
1338331354	14.56539	0.8	3.21	0.93	2.19	4.78	0.00	0.12	0.00	0.00	88.77
1338331355	14.56539	0.8	3.21	0.93	2.19	4.77	0.00	0.12	0.00	0.00	88.77
1338331356	14.56539	0.8	3.21	0.93	2.19	4.77	0.00	0.12	0.00	0.00	88.77
1338331357	14.438151	0.8	3.21	0.93	2.19	4.77	0.00	0.12	0.00	0.00	88.78
1338331358	14.438151	0.8	3.21	0.92	2.19	4.77	0.00	0.12	0.00	0.00	88.78
1338331359	14.438151	0.8	3.21	0.92	2.20	4.77	0.00	0.12	0.00	0.00	88.78
1338331360	14.438151	0.8	3.21	0.92	2.20	4.77	0.00	0.12	0.00	0.00	88.78
1338331361	14.438151	0.8	3.21	0.92	2.20	4.77	0.00	0.12	0.00	0.00	88.78
1338331362	14.438151	0.8	3.21	0.92	2.20	4.76	0.00	0.12	0.00	0.00	88.78
1338331363	14.438151	0.8	3.21	0.92	2.20	4.76	0.00	0.12	0.00	0.00	88.78
1338331364	14.438151	0.8	3.21	0.92	2.20	4.76	0.00	0.12	0.00	0.00	88.79
1338331365	14.438151	0.8	3.21	0.92	2.20	4.76	0.00	0.12	0.00	0.00	88.79
1338331366	14.438151	0.8	3.21	0.92	2.20	4.76	0.00	0.12	0.00	0.00	88.79
1338331367	14.438151	0.8	3.21	0.92	2.20	4.76	0.00	0.12	0.00	0.00	88.79
1338331368	14.438151	0.8	3.21	0.92	2.20	4.76	0.00	0.12	0.00	0.00	88.79
1338331369	14.438151	0.8	3.21	0.92	2.20	4.76	0.00	0.12	0.00	0.00	88.79
1338331370	14.438151	0.8	3.21	0.92	2.20	4.75	0.00	0.12	0.00	0.00	88.80
1338331371	14.438151	0.8	3.21	0.92	2.20	4.75	0.00	0.12	0.00	0.00	88.80
1338331372	13.7747	0.8	3.20	0.92	2.20	4.75	0.00	0.12	0.00	0.00	88.80
1338331373	13.7747	0.8	3.20	0.92	2.20	4.75	0.00	0.12	0.00	0.00	88.80
1338331374	13.7747	0.8	3.20	0.92	2.20	4.75	0.00	0.12	0.00	0.00	88.81
1338331375	13.7747	0.8	3.20	0.92	2.20	4.75	0.00	0.12	0.00	0.00	88.81
1338331376	13.7747	0.8	3.20	0.92	2.20	4.75	0.00	0.12	0.00	0.00	88.81
1338331378	13.7747	0.8	3.20	0.92	2.20	4.74	0.00	0.12	0.00	0.00	88.81
1338331379	13.7747	0.8	3.20	0.92	2.20	4.74	0.00	0.12	0.00	0.00	88.82
1338331380	13.7747	0.8	3.20	0.92	2.20	4.74	0.00	0.12	0.00	0.00	88.82
1338331381	13.7747	0.8	3.20	0.92	2.20	4.74	0.00	0.12	0.00	0.00	88.82
1338331382	13.7747	0.8	3.20	0.92	2.20	4.74	0.00	0.12	0.00	0.00	88.82
1338331383	13.7747	0.8	3.20	0.92	2.20	4.74	0.00	0.12	0.00	0.00	88.83
1338331384	13.7747	0.8	3.20	0.92	2.20	4.74	0.00	0.12	0.00	0.00	88.83
1338331385	13.7747	0.8	3.20	0.92	2.20	4.74	0.00	0.12	0.00	0.00	88.83
1338331386	13.7747	0.8	3.20	0.92	2.20	4.73	0.00	0.12	0.00	0.00	88.83
1338331387	13.7747	0.8	3.20	0.92	2.20	4.73	0.00	0.12	0.00	0.00	88.84
1338331388	11.59856	0.8	3.20	0.92	2.20	4.73	0.00	0.12	0.00	0.00	88.84
1338331389	11.59856	0.8	3.19	0.92	2.20	4.73	0.00	0.12	0.00	0.00	88.84
1338331390	11.59856	0.8	3.19	0.92	2.20	4.73	0.00	0.12	0.00	0.00	88.84
1338331391	11.59856	0.8	3.19	0.92	2.19	4.73	0.00	0.12	0.00	0.00	88.85
1338331392	11.59856	0.8	3.19	0.92	2.19	4.73	0.00	0.12	0.00	0.00	88.85
1338331393	11.59856	0.8	3.19	0.92	2.19	4.72	0.00	0.12	0.00	0.00	88.85
1338331394	11.59856	0.8	3.19	0.91	2.19	4.72	0.00	0.12	0.00	0.00	88.85
1338331395	11.59856	0.8	3.19	0.91	2.19	4.72	0.00	0.12	0.00	0.00	88.86
1338331396	11.59856	0.8	3.19	0.91	2.19	4.72	0.00	0.12	0.00	0.00	88.86
1338331397	11.59856	0.8	3.19	0.91	2.19	4.72	0.00	0.12	0.00	0.00	88.86
1338331398	11.59856	0.8	3.19	0.91	2.19	4.72	0.00	0.12	0.00	0.00	88.86
1338331399	11.59856	0.8	3.19	0.91	2.19	4.72	0.00	0.12	0.00	0.00	88.87
1338331400	11.59856	0.8	3.19	0.91	2.19	4.71	0.00	0.12	0.00	0.00	88.87
1338331401	11.59856	0.8	3.19	0.91	2.19	4.71	0.00	0.12	0.00	0.00	88.87
1338331402	11.59856	0.8	3.19	0.91	2.19	4.71	0.00	0.12	0.00	0.00	88.87
1338331403	11.7813	0.8	3.19	0.91	2.19	4.71	0.00	0.12	0.00	0.00	88.88
1338331404	11.7813	0.8	3.18	0.91	2.19	4.71	0.00	0.12	0.00	0.00	88.88
1338331405	11.7813	0.8	3.18	0.91	2.19	4.71	0.00	0.12	0.00	0.00	88.88
1338331406	11.7813	0.8	3.18	0.91	2.19	4.71	0.00	0.12	0.00	0.00	88.88
1338331407	11.7813	0.8	3.18	0.91	2.19	4.71	0.00	0.12	0.00	0.00	88.89
1338331408	11.7813	0.8	3.18	0.91	2.19	4.70	0.00	0.12	0.00	0.00	88.89
1338331409	11.7813	0.8	3.18	0.91	2.19	4.70	0.00	0.12	0.00	0.00	88.89
1338331410	11.7813	0.8	3.18	0.91	2.19	4.70	0.00	0.12	0.00	0.00	88.89
1338331412	11.7813	0.8	3.18	0.91	2.19	4.70	0.00	0.12	0.00	0.00	88.90
1338331413	11.7813	0.8	3.18	0.91	2.19	4.70	0.00	0.12	0.00	0.00	88.90
1338331414	11.7813	0.8	3.18	0.91	2.19	4.70	0.00	0.12	0.00	0.00	88.90
1338331415	11.7813	0.8	3.18	0.91	2.19	4.70	0.00	0.12	0.00	0.00	88.90
1338331416	11.7813	0.8	3.18	0.91	2.19	4.69	0.00	0.12	0.00	0.00	88.91
1338331417	11.7813	0.8	3.18	0.91	2.19	4.69	0.00	0.12	0.00	0.00	88.91
1338331418	11.7813	0.8	3.18	0.91	2.19	4.69	0.00	0.12	0.00	0.00	88.91
1338331419	11.368	0.8	3.18	0.91	2.19	4.69	0.00	0.12	0.00	0.00	88.91
1338331420	11.368	0.8	3.17	0.91	2.19	4.69	0.00	0.12	0.00	0.00	88.91
1338331421	11.368	0.8	3.17	0.91	2.19	4.69	0.00	0.12	0.00	0.00	88.92
1338331422	11.368	0.8	3.17	0.91	2.19	4.69	0.00	0.12	0.00	0.00	88.92
1338331423	11.368	0.8	3.17	0.91	2.19	4.68	0.00	0.12	0.00	0.00	88.92
1338331424	11.368	0.8	3.17	0.91	2.19	4.68	0.00	0.12	0.00	0.00	88.92
1338331425	11.368	0.8	3.17	0.91	2.19	4.68	0.00	0.12	0.00	0.00	88.93
1338331426	11.368	0.8	3.17	0.91	2.19	4.68	0.00	0.12	0.00	0.00	88.93
1338331427	11.368	0.8	3.17	0.91	2.19	4.68	0.00	0.12	0.00	0.00	88.93
1338331428	11.368	0.8	3.17	0.91	2.19	4.68	0.00	0.12	0.00	0.00	88.93
1338331429	11.368	0.8	3.17	0.91	2.19	4.68	0.00	0.12	0.00	0.00	88.94
1338331430	11.368	0.8	3.17	0.91	2.19	4.68	0.00	0.12	0.00	0.00	88.94
1338331431	11.368	0.8	3.17	0.91	2.19	4.68	0.00	0.12	0.00	0.00	88.94
1338331432	11.368	0.8	3.17	0.90	2.19	4.67	0.00	0.12	0.00	0.00	88.94
1338331433	11.368	0.8	3.17	0.90	2.19	4.67	0.00	0.12	0.00	0.00	88.94
1338331434	14.433515	0.8	3.17	0.90	2.19	4.67	0.00	0.12	0.00	0.00	88.94
1338331435	14.433515	0.8	3.17	0.90	2.19	4.67	0.00	0.12	0.00	0.00	88.94
1338331436	14.433515	0.8	3.17	0.90	2.19	4.67	0.00	0.12	0.00	0.00	88.94
1338331437	14.433515	0.8	3.17	0.90	2.20	4.67	0.00	0.12	0.00	0.00	88.94
1338331438	14.433515	2.534	3.17	0.90	2.20	4.67	0.00	0.12	0.00	0.00	88.94
1338331439	14.433515	0.8	3.17	0.90	2.20	4.67	0.00	0.12	0.00	0.00	88.94
1338331440	14.433515	0.8	3.17	0.90	2.20	4.67	0.00	0.12	0.00	0.00	88.95
1338331441	14.433515	0.8	3.17	0.90	2.20	4.67	0.00	0.12	0.00	0.00	88.95
1338331442	14.433515	2.535	3.17	0.90	2.20	4.66	0.00	0.12	0.00	0.00	88.95
1338331443	14.433515	2.535	3.17	0.90	2.20	4.66	0.00	0.12	0.00	0.00	88.95
1338331444	14.433515	0.8	3.17	0.90	2.20	4.66	0.00	0.12	0.00	0.00	88.95
1338331445	14.433515	0.8	3.17	0.90	2.20	4.66	0.00	0.12	0.00	0.00	88.95
1338331446	14.433515	0.8	3.17	0.90	2.20	4.66	0.00	0.12	0.00	0.00	88.95
1338331448	14.433515	0.8	3.17	0.90	2.20	4.66	0.00	0.12	0.00	0.00	88.95
1338331449	14.433515	0.8	3.16	0.90	2.20	4.66	0.00	0.12	0.00	0.00	88.96
1338331450	14.225056	0.8	3.16	0.90	2.20	4.66	0.00	0.12	0.00	0.00	88.96
1338331451	14.225056	0.8	3.16	0.90	2.20	4.65	0.00	0.12	0.00	0.00	88.96
1338331452	14.225056	0.8	3.16	0.90	2.20	4.65	0.00	0.12	0.00	0.00	88.96
1338331453	14.225056	0.8	3.16	0.90	2.20	4.65	0.00	0.12	0.00	0.00	88.96
1338331454	14.225056	0.8	3.16	0.90	2.20	4.65	0.00	0.12	0.00	0.00	88.96
1338331455	14.225056	0.8	3.16	0.90	2.20	4.65	0.00	0.12	0.00	0.00	88.96
1338331456	14.225056	0.8	3.16	0.90	2.20	4.65	0.00	0.12	0.00	0.00	88.97
1338331457	14.225056	0.8	3.16	0.90	2.20	4.65	0.00	0.12	0.00	0.00	88.97
1338331458	14.225056	0.8	3.16	0.90	2.20	4.65	0.00	0.12	0.00	0.00	88.97
1338331459	14.225056	0.8	3.16	0.90	2.20	4.64	0.00	0.12	0.00	0.00	88.97
1338331460	14.225056	0.8	3.16	0.90	2.21	4.64	0.00	0.12	0.00	0.00	88.97
1338331461	14.225056	0.8	3.16	0.90	2.21	4.64	0.00	0.12	0.00	0.00	88.97
1338331462	14.225056	0.8	3.16	0.90	2.21	4.64	0.00	0.12	0.00	0.00	88.97
1338331463	14.225056	0.8	3.16	0.90	2.21	4.64	0.00	0.12	0.00	0.00	88.97
1338331464	14.225056	0.8	3.16	0.90	2.21	4.64	0.00	0.12	0.00	0.00	88.97
1338331465	13.642272	0.8	3.16	0.90	2.21	4.64	0.00	0.12	0.00	0.00	88.98
1338331466	13.642272	0.8	3.16	0.90	2.21	4.64	0.00	0.12	0.00	0.00	88.98
1338331467	13.642272	0.8	3.16	0.90	2.21	4.63	0.00	0.12	0.00	0.00	88.98
1338331468	13.642272	0.8	3.16	0.90	2.21	4.63	0.00	0.12	0.00	0.00	88.98
1338331469	13.642272	0.8	3.16	0.90	2.21	4.63	0.00	0.12	0.00	0.00	88.98
1338331470	13.642272	0.8	3.16	0.89	2.21	4.63	0.00	0.12	0.00	0.00	88.98
1338331471	13.642272	0.8	3.16	0.89	2.21	4.63	0.00	0.12	0.00	0.00	88.98
1338331472	13.642272	0.8	3.16	0.89	2.21	4.63	0.00	0.12	0.00	0.00	88.98
1338331473	13.642272	0.8	3.16	0.89	2.21	4.63	0.00	0.12	0.00	0.00	88.98
1338331474	13.642272	0.8	3.16	0.89	2.21	4.63	0.00	0.12	0.00	0.00	88.99
1338331475	13.642272	0.8	3.16	0.89	2.21	4.63	0.00	0.12	0.00	0.00	88.99
1338331476	13.642272	0.8	3.16	0.89	2.21	4.62	0.00	0.12	0.00	0.00	88.99
1338331477	13.642272	0.8	3.16	0.89	2.21	4.62	0.00	0.12	0.00	0.00	88.99
1338331478	13.642272	0.8	3.16	0.89	2.21	4.62	0.00	0.12	0.00	0.00	88.99
1338331479	13.642272	0.8	3.16	0.89	2.21	4.62	0.00	0.12	0.00	0.00	88.99
1338331480	13.818684	0.8	3.16	0.89	2.21	4.62	0.00	0.12	0.00	0.00	88.99
1338331481	13.818684	0.8	3.16	0.89	2.21	4.62	0.00	0.12	0.00	0.00	88.99
1338331483	13.818684	0.8	3.16	0.89	2.21	4.62	0.00	0.12	0.00	0.00	88.99
1338331484	13.818684	0.8	3.15	0.89	2.21	4.62	0.00	0.12	0.00	0.00	89.00
1338331485	13.818684	0.8	3.15	0.89	2.21	4.62	0.00	0.12	0.00	0.00	89.00
1338331486	13.818684	0.8	3.15	0.89	2.21	4.62	0.00	0.12	0.00	0.00	89.00
1338331487	13.818684	0.8	3.15	0.89	2.22	4.61	0.00	0.12	0.00	0.00	89.00
1338331488	13.818684	0.8	3.15	0.89	2.22	4.61	0.00	0.12	0.00	0.00	89.00
1338331489	13.818684	0.8	3.15	0.89	2.22	4.61	0.00	0.12	0.00	0.00	89.00
1338331490	13.818684	0.8	3.15	0.89	2.22	4.61	0.00	0.12	0.00	0.00	89.01
1338331491	13.818684	0.8	3.15	0.89	2.22	4.61	0.00	0.12	0.00	0.00	89.01
1338331492	13.818684	0.8	3.15	0.89	2.22	4.61	0.00	0.12	0.00	0.00	89.01
1338331493	13.818684	0.8	3.15	0.89	2.22	4.61	0.00	0.12	0.00	0.00	89.01
1338331494	13.818684	0.8	3.15	0.89	2.22	4.61	0.00	0.12	0.00	0.00	89.01
1338331495	13.818684	0.8	3.15	0.89	2.22	4.60	0.00	0.12	0.00	0.00	89.02
1338331496	13.241898	0.8	3.15	0.89	2.22	4.60	0.00	0.12	0.00	0.00	89.02
1338331497	13.241898	0.8	3.15	0.89	2.22	4.60	0.00	0.12	0.00	0.00	89.02
1338331498	13.241898	0.8	3.15	0.89	2.22	4.60	0.00	0.12	0.00	0.00	89.02
1338331499	13.241898	0.8	3.15	0.89	2.22	4.60	0.00	0.12	0.00	0.00	89.02
1338331500	13.241898	0.8	3.15	0.89	2.22	4.60	0.00	0.13	0.00	0.00	89.02
1338331501	13.241898	0.8	3.15	0.89	2.22	4.60	0.00	0.12	0.00	0.00	89.02
1338331502	13.241898	0.8	3.15	0.89	2.22	4.60	0.00	0.13	0.00	0.00	89.02
1338331503	13.241898	0.8	3.15	0.89	2.22	4.59	0.00	0.13	0.00	0.00	89.02
1338331504	13.241898	0.8	3.15	0.89	2.22	4.59	0.00	0.13	0.00	0.00	89.03
1338331505	13.241898	0.8	3.15	0.89	2.22	4.59	0.00	0.12	0.00	0.00	89.03
1338331506	13.241898	0.8	3.15	0.89	2.22	4.59	0.00	0.12	0.00	0.00	89.03
1338331507	13.241898	0.8	3.15	0.89	2.22	4.59	0.00	0.12	0.00	0.00	89.03
1338331508	13.241898	0.8	3.15	0.89	2.22	4.59	0.00	0.12	0.00	0.00	89.04
1338331509	13.241898	0.8	3.15	0.89	2.22	4.59	0.00	0.12	0.00	0.00	89.04
1338331510	13.241898	0.8	3.14	0.88	2.22	4.59	0.00	0.12	0.00	0.00	89.04
1338331511	12.00238	0.8	3.14	0.88	2.22	4.58	0.00	0.12	0.00	0.00	89.04
1338331512	12.00238	0.8	3.14	0.88	2.22	4.58	0.00	0.12	0.00	0.00	89.04
1338331513	12.00238	0.8	3.14	0.88	2.22	4.58	0.00	0.12	0.00	0.00	89.05
1338331514	12.00238	0.8	3.14	0.88	2.22	4.58	0.00	0.12	0.00	0.00	89.05
1338331515	12.00238	0.8	3.14	0.88	2.22	4.58	0.00	0.12	0.00	0.00	89.05
1338331516	12.00238	0.8	3.14	0.88	2.22	4.58	0.00	0.12	0.00	0.00	89.05
1338331517	12.00238	0.8	3.14	0.88	2.22	4.58	0.00	0.12	0.00	0.00	89.06
1338331519	12.00238	0.8	3.14	0.88	2.22	4.58	0.00	0.12	0.00	0.00	89.06
1338331520	12.00238	0.8	3.14	0.88	2.22	4.57	0.00	0.12	0.00	0.00	89.06
1338331521	12.00238	0.8	3.14	0.88	2.22	4.57	0.00	0.12	0.00	0.00	89.06
1338331522	12.00238	0.8	3.14	0.88	2.22	4.57	0.00	0.12	0.00	0.00	89.07
1338331523	12.00238	0.8	3.14	0.88	2.22	4.57	0.00	0.12	0.00	0.00	89.07
1338331524	12.00238	0.8	3.14	0.88	2.22	4.57	0.00	0.12	0.00	0.00	89.07
1338331525	12.00238	0.8	3.13	0.88	2.22	4.57	0.00	0.12	0.00	0.00	89.07
1338331526	12.00238	0.8	3.13	0.88	2.22	4.57	0.00	0.12	0.00	0.00	89.08
1338331527	11.778768	0.8	3.13	0.88	2.22	4.57	0.00	0.12	0.00	0.00	89.08
1338331528	11.778768	2.534	3.13	0.88	2.22	4.56	0.00	0.12	0.00	0.00	89.08
1338331529	11.778768	0.8	3.13	0.88	2.22	4.56	0.00	0.12	0.00	0.00	89.08
1338331530	11.778768	0.8	3.13	0.88	2.22	4.56	0.00	0.12	0.00	0.00	89.09
1338331531	11.778768	0.8	3.13	0.88	2.22	4.56	0.00	0.12	0.00	0.00	89.09
1338331532	11.778768	0.8	3.13	0.88	2.22	4.56	0.00	0.12	0.00	0.00	89.09
1338331533	11.778768	0.8	3.13	0.88	2.22	4.56	0.00	0.12	0.00	0.00	89.09
1338331534	11.778768	0.8	3.13	0.88	2.22	4.56	0.00	0.12	0.00	0.00	89.09
1338331535	11.778768	0.8	3.13	0.88	2.22	4.56	0.00	0.12	0.00	0.00	89.10
1338331536	11.778768	0.8	3.13	0.88	2.22	4.55	0.00	0.12	0.00	0.00	89.10
1338331537	11.778768	0.8	3.13	0.88	2.22	4.55	0.00	0.12	0.00	0.00	89.10
1338331538	11.778768	0.8	3.13	0.88	2.22	4.55	0.00	0.12	0.00	0.00	89.10
1338331539	11.778768	0.8	3.13	0.88	2.21	4.55	0.00	0.12	0.00	0.00	89.11
1338331540	11.778768	0.8	3.12	0.88	2.21	4.55	0.00	0.12	0.00	0.00	89.11
1338331541	11.778768	0.8	3.12	0.88	2.21	4.55	0.00	0.12	0.00	0.00	89.11
1338331542	11.5712	0.8	3.12	0.88	2.21	4.55	0.00	0.12	0.00	0.00	89.11
1338331543	11.5712	0.8	3.12	0.88	2.21	4.55	0.00	0.12	0.00	0.00	89.12
1338331544	11.5712	0.8	3.12	0.88	2.21	4.54	0.00	0.12	0.00	0.00	89.12
1338331545	11.5712	0.8	3.12	0.88	2.21	4.54	0.00	0.12	0.00	0.00	89.12
1338331546	11.5712	0.8	3.12	0.88	2.21	4.54	0.00	0.12	0.00	0.00	89.12
1338331547	11.5712	0.8	3.12	0.88	2.21	4.54	0.00	0.12	0.00	0.00	89.13
1338331548	11.5712	0.8	3.12	0.88	2.21	4.54	0.00	0.12	0.00	0.00	89.13
1338331549	11.5712	0.8	3.12	0.88	2.21	4.54	0.00	0.12	0.00	0.00	89.13
1338331550	11.5712	0.8	3.12	0.87	2.21	4.54	0.00	0.12	0.00	0.00	89.13
1338331552	11.5712	0.8	3.12	0.87	2.21	4.54	0.00	0.12	0.00	0.00	89.13
1338331553	11.5712	0.8	3.12	0.87	2.21	4.53	0.00	0.12	0.00	0.00	89.14
1338331554	11.5712	0.8	3.12	0.87	2.21	4.53	0.00	0.12	0.00	0.00	89.14
1338331555	11.5712	0.8	3.11	0.87	2.21	4.53	0.00	0.12	0.00	0.00	89.14
1338331556	11.5712	0.8	3.11	0.87	2.21	4.53	0.00	0.12	0.00	0.00	89.14
1338331557	11.5712	0.8	3.11	0.87	2.21	4.53	0.00	0.12	0.00	0.00	89.15
1338331558	11.288034	0.8	3.11	0.87	2.21	4.53	0.00	0.12	0.00	0.00	89.15
1338331559	11.288034	0.8	3.11	0.87	2.21	4.53	0.00	0.12	0.00	0.00	89.15
1338331560	11.288034	0.8	3.11	0.87	2.21	4.53	0.00	0.12	0.00	0.00	89.15
1338331561	11.288034	0.8	3.11	0.87	2.21	4.52	0.00	0.12	0.00	0.00	89.15
1338331562	11.288034	0.8	3.11	0.87	2.21	4.52	0.00	0.12	0.00	0.00	89.16
1338331563	11.288034	0.8	3.11	0.87	2.21	4.52	0.00	0.12	0.00	0.00	89.16
1338331564	11.288034	0.8	3.11	0.87	2.21	4.52	0.00	0.12	0.00	0.00	89.16
1338331565	11.288034	0.8	3.11	0.87	2.21	4.52	0.00	0.12	0.00	0.00	89.16
1338331566	11.288034	0.8	3.11	0.87	2.21	4.52	0.00	0.12	0.00	0.00	89.16
1338331567	11.288034	0.8	3.11	0.87	2.21	4.52	0.00	0.12	0.00	0.00	89.17
1338331568	11.288034	0.8	3.11	0.87	2.21	4.52	0.00	0.12	0.00	0.00	89.17
1338331569	11.288034	0.8	3.11	0.87	2.21	4.51	0.00	0.12	0.00	0.00	89.17
1338331570	11.288034	0.8	3.11	0.87	2.21	4.51	0.00	0.12	0.00	0.00	89.17
1338331571	11.288034	0.8	3.11	0.87	2.21	4.51	0.00	0.12	0.00	0.00	89.17
1338331572	11.288034	0.8	3.11	0.87	2.21	4.51	0.00	0.12	0.00	0.00	89.18
1338331573	11.43441	0.8	3.11	0.87	2.21	4.51	0.00	0.12	0.00	0.00	89.17
1338331574	11.43441	0.8	3.11	0.87	2.21	4.51	0.00	0.12	0.00	0.00	89.18
1338331575	11.43441	0.8	3.11	0.87	2.21	4.51	0.00	0.12	0.00	0.00	89.18
1338331576	11.43441	0.8	3.11	0.87	2.21	4.51	0.00	0.12	0.00	0.00	89.18
