960496466012
960500088050
960503688060
960507288085
960511173080
960588826084
960592428053
960844836098
960848437083
960852038050
960855638086
960859244086
960862850095
960866455089
960870060046
960873660081
960877266081
960880872082
960884478063
960888083018
960891686006
960895292008
960898897044
960902498016
960906098028
960909698042
960913298054
960916898068
961790144010
961871462054
961875068041
961878668065
961882268083
961885869005
961889469023
961893069042
961896669060
961900269082
961903870002
961907470021
961911070037
961914670056
961918270077
961921870097
961925471016
961929071037
962042089009
962045692093
962049302019
962052903036
962056868075
962060468087
962064072020
962067672038
962071272056
962074872074
962078472092
962082073010
962085673028
962089273046
962092873064
962096473086
962100076041
962103676061
962107276081
962110878023
962114478039
962118078051
962121678065
962125278078
962128878090
962132479005
962136079088
962139680050
962143280059
962146881028
962220703020
962301510068
962305211009
962309455019
962313055034
962316656007
962320259007
962324191097
962327792077
962331392093
962334993008
962338593031
962342193053
962345793075
962349394000
962352994016
962356595007
962360196052
962363796074
962367400055
962371000075
962374600098
962378201015
962381801030
962385401045
962389001063
962392601081
962396202069
962399804008
962581654028
962594929014
962678251015
962774774027
962828344015
962936405045
963207397051
963322872029
963326476052
963369158036
963449127034
963452800025
963529413097
963539719061
963545627083
963626473013
963630073068
963633674013
963637277017
963640879096
963644482083
963648086068
963651688079
963655292060
963658894024
963662500066
963666101071
963669707054
963673310050
963676912049
963680516035
963684116076
963687718085
963691319055
963694919080
963698520083
963702124021
963705728027
963709333051
963712934067
963716538084
963720140022
963723745050
963727348083
963730949078
963734554022
963738155026
963741759077
963745364004
963748964070
963752569050
963756170085
963759774048
963763377008
963766978045
963770584070
963774296084
963777897007
963781497008
963785097056
963788697080
963792298004
963795898067
963799498091
963803099015
963806699039
963810299063
963813899087
963817500011
963821100035
963824700056
963828300084
963831902008
963835503044
963839103068
963842703091
963846304003
963849904017
963853504029
963857104041
963860704053
963864304071
963867904083
963871504095
963875105007
963879057048
963883096088
963886709060
963943050086
963948405089
963960489060
963964203056
963972104014
965168368042
965254438030
965258088033
965261689000
965265289086
965268890064
965272550033
965276151088
965279752048
965283412033
965287072018
965290672027
965294332013
965297932073
965301533034
965305133097
965308734057
965312335017
965315935077
965319536037
965323136053
965326737029
965330337091
965333948011
965356720026
965360328072
965427693071
965431298030
965434901006
965438503068
965442106040
965445709020
965449311097
965452914071
965456517042
965460120023
965463722098
965467325060
966385477063
966453248007
966457373069
966462686036
966467407086
966475138069
966541696005
966546946075
966551867098
966575773051
966624567062
966638999007
966720390097
966733562004
966739756042
967147252032
967150905073
967237395080
967242355097
967246294099
967250020066
967255365062
967581268083
967592682072
967601348024
967605269088
967609259091
967690823008
967695907024
967774860034
967780046066
967872289091
967960147054
967963750083
967967354087
967970958024
967974562041
968295102081
969056486071
969312760077
969418831082
969425791053
969436789021
969489155047
969502756013
969507590030
969511220058
969514821023
969518421086
969522022049
969525623013
969529223076
969532883047
969536484010
969540084075
969543685040
969547286004
969550886067
969554487030
969558087094
969561747059
969565348022
969568948085
969572588016
969576188082
969579789045
969583390009
969586990072
969590591036
969594191099
969597792062
969601393026
969604993089
969608594011
969612194075
969615795040
969619396003
969622996066
969626597030
969630197093
969633798057
969637399020
969640999084
969644600049
969648201007
969651801094
969655402012
969659002031
969662604007
969666204026
969669805014
969673405032
969677005050
969680605068
969684205086
969687806004
969691406024
969695006047
969698606066
969702208032
969705809097
969709410090
969713011008
969716611027
969720211045
969723811071
969727411095
969731012014
969734612032
969738212050
969741813040
969745413058
969749013076
969752613094
969756214012
969759814036
969763414054
969767014072
969770614090
969774215008
969777815026
969781415044
969785015063
969788616060
969792217095
969795818096
969799419014
969803019033
969806619051
969810219069
969813819087
969817420005
969821020023
969824620041
969828220059
969831820078
969835420096
969839021014
969842621031
969846221049
969849821067
969853421085
969857022003
969860622020
969864222038
969867822056
969871422074
969875022093
969878624008
969882224026
969885841063
969889442026
969893042089
969896643052
969900244016
969903844080
969907445042
969911046006
969914646068
969918247031
969921847096
969925448056
969929049017
969932649081
969936250042
969939851005
969943451067
969947052033
969950652096
969954253059
969957854023
969961454095
969965055068
969968656030
969972256093
969975857056
969979458020
969983058084
969986659047
969990260011
969993860079
969997460084
970001061047
970004662011
970009419028
970013847087
970020353084
970023971018
970027571080
970031231044
970034832007
970038432068
970042092032
970045692096
970049293060
970052894023
970056494095
970060095058
970063696022
970067296086
970070897049
970074498013
970078098076
970081702080
970085303043
970088904005
970092504068
970096105031
970099705096
970103306058
970106907021
970110507082
970114108045
970117709009
970121310003
970124910066
970128511029
970132111092
970135712055
970139313017
970142913085
970146514048
970150115011
970153715073
970157315083
970160916048
970164517013
970168121070
970171724059
970175378005
970178978068
970182579032
970186179075
970189780049
970193381012
970196981076
970200582039
970204182047
970207783063
970211384023
970259192077
970262819013
970266419077
970270020039
970273621003
970277221068
970280822030
970284422096
970288023060
970291624032
970295224096
970298825060
970302426023
970306029061
970309657072
970313258034
970316858097
970320459062
970324060026
970327660090
970331261053
970334862017
970338462081
970342063045
970345664008
970349294077
970352895041
970356496003
970360096064
970363697025
970367297088
970370898050
970374499012
970378099072
970381700033
970385300093
970388996036
970392596065
970396197000
970399797018
970403397036
970406997061
970410597079
970414197097
970417798015
970421398032
970424998051
970428598069
970432198087
970435799005
970439399023
970442999041
970446599061
970450199079
970453799097
970457400017
970461000035
970464600053
970468200072
970471800092
970475401015
970479001033
970482601057
970486202024
970489802042
970493402067
970497002086
970500603004
970504203022
970507803040
970511403080
970515004000
970518604014
970522204026
970525804026
970529404031
970533004033
970536604039
970540204059
970543804066
970547404067
970551009015
970554610011
970558210070
970561810087
970565411014
970569011026
970572612030
970576212042
970579812075
970583412087
970587012099
970590613011
970594213023
970597813040
970601415051
970605016012
970608619049
970612222036
970615826069
970619429092
970623032065
970626636030
970630248001
970633848063
970637449024
970641049084
970644650046
970648251009
970651851071
970655452038
970659052067
970662654013
970666254077
970669855041
970673456004
970677056067
970680657031
970684257096
970687859036
970691460007
970695061049
970698770082
970702501041
970706102036
970709705044
970713362030
970717064078
970720703016
970724305037
970727905097
970731506058
970735107019
970738708027
970742309020
970745909082
970749510046
970753111014
970756711078
970760312041
970763913005
970781969070
970785580077
970789476030
970793460008
970797060047
970800666052
970804269048
970807869054
970811469060
970815069066
970818670042
970822270048
970825870074
970829470097
970833071003
970836671009
970840271015
970843871021
970847471027
970851071033
970854671039
970858271059
970861871065
970865471071
970869071084
970872671098
970876272004
970879890080
970883491044
970887116040
970890717020
970894319002
970897919089
970901520082
970905121077
970908722069
970912323026
970915980033
970919580043
970923181030
970926781038
970930381045
970933981054
970937581063
970941181069
970944781075
970948381088
970951981096
970955582005
970959182012
970962782020
970966382026
970969982032
970973582040
970977182061
970980782075
970984383057
970987984040
970991584047
970995184054
970998784074
971002384081
971005984088
971009584094
971013185010
971016785016
971020385023
971023985030
971027585036
971031185042
971034785048
971038385054
971041997007
971045597016
971049197022
971052797029
971056397035
971059997050
971063597056
971067197062
971070797068
971074397074
971077997080
971081598098
971085199006
971088800079
971092400086
971096000092
971099602042
971103202048
971106802054
971110402060
971114002074
971117602088
971121202093
971124803006
971128403026
971132003055
971135603065
971139205057
971142808002
971146408092
971150009080
971153610071
971157212026
971160813036
971164413044
971168014053
971171614067
971175214079
971178815093
971182416004
971186016013
971189617022
971193217030
971196818039
971200418047
971204019056
971207619064
971211219071
971214819080
971218420089
971222021099
971225622008
971229222016
971232823026
971236423033
971240023040
971243624049
971247224057
971250825025
971254426040
971258027032
971261628028
971265229020
971268830010
971272431009
971276031099
971279632089
971283233079
971286834069
971290435059
971294036052
971297637043
971301238034
971304839023
971308442094
971383652086
971387258072
971390859021
971394461007
971398061019
971401661032
971405261048
971408862035
971412463015
971416063027
971419663039
971423263052
971426863064
971430463091
971434064005
971437664051
971441264081
971444886000
971448487037
971452088029
971455689022
971459290014
971462891071
971466492065
971470093057
971473694050
971477295043
971480896041
971484548050
971488208051
971491809027
971495409036
971499009090
971502609092
971506209097
971509810010
971513410056
971517010095
971520611048
971524211055
971527812004
971531412078
971535013019
971538613079
971542213099
971545814067
971549414075
971553015001
971556615019
971560215031
971563815075
971567416021
971571016096
971574617070
971578218039
971581818048
971585418073
971589018083
971592619052
971596219076
971599820025
971603420043
971607020060
971610621033
971614221073
971617822026
971621422086
971625023037
971628623072
971632224029
971635824060
971639425024
971643025061
971646626027
971650226090
971653826092
971657427031
971661027054
971664627077
971668227093
971671828067
971675429028
971679029090
971682630072
971686231033
971689831086
971693432055
971697032076
971700633042
971704233088
971707833093
971711434058
971715034066
971718635025
971722235058
971725846041
971729446091
971733106044
971736707096
971740309046
971743910096
971747512046
971751113096
971754714046
971758314096
971761915049
971765516008
971769117058
971772719008
971776320058
971779921086
971783522050
971787124000
971790725050
971794327000
971797928050
971801530000
971805131050
971808733000
971812333051
971815993004
971819594055
971823196005
971827970072
971831572027
971835172077
971838832030
971842432080
971846092032
971849693082
971853295033
971856896083
971860498033
971864098034
971867698084
971871299039
971874899090
971878559045
971882160095
971885762045
971889363095
971892965045
971896566097
971900168048
971903769099
971907371049
971910971074
971914621055
971918222052
971921824027
971925426023
971929027000
971932628062
971936230053
971939887000
971943488004
971947088096
971950689046
971954290026
971957891028
971961492021
971965093014
971968694006
971972294099
971975895091
971979496084
971983097075
971986698068
971990299058
971993900050
971997500069
972001101077
972004702057
972008303089
972011905013
972015505052
972019106090
972022708061
972026312022
972029913027
972033514019
972037115014
972040716045
972044317037
972047918032
972051519035
972055120028
972058721021
972062322014
972065923007
972069524000
972073125012
972076785005
972080385098
972420907042
972424508034
972428109027
972431710017
972435311007
972438911099
972442512089
972446113080
972449714098
972453316007
972456916025
972460516055
972464116086
972467717016
972471319027
972474921028
972478524026
972482128061
972485729050
972489329071
972492931012
972496532004
972500132073
972503733065
972507333073
972510934035
972514535055
972518136047
972521737050
972525338058
972528938082
972532540024
972536141027
972539741035
972543342063
972546944056
972550545047
972554146041
972557746057
972561347057
972564947072
972568547089
972572148003
972575748017
972579348033
972582948046
972586548063
972590148063
972593749063
972597349098
972600951060
972604553074
972608153094
972611753099
972615355043
972618956087
972622561018
972626163050
972629765007
972633367073
972636968065
972640570091
972644230085
972647831078
972651432073
972655033067
972658693062
972662294055
972665895046
972669496037
972673097029
972676698026
972680299022
972683899035
972687500095
972691101012
972694702003
972698303005
972701907010
972705507047
972709109029
972712716088
972716317028
972719918044
972723522084
972727165003
972730765079
972734366072
972737967069
972741568063
972745169059
972748770054
972752371049
972755972044
972759573037
972763174032
972766775026
972770376024
972773977019
972777578013
972781179008
972784780001
972788380097
972791981092
972795582086
972799183082
972802784076
972806385072
972809986066
972813587061
972817188088
972820788092
972824389088
972827990082
972831591075
972835192068
972838793063
972842394057
972845995050
972849596045
972853197038
972856798033
972860399030
972864000025
972867601070
972871202064
972874803061
972878404056
972882005049
972885606043
972889207040
972892807090
972896408020
972900008050
972903610052
972907216078
972910817066
972914472035
972918073030
972921674023
972925275018
972928876012
972932477007
972936078008
972939679007
972943280006
972946880071
972950481004
972954082077
972957684039
972961285084
972964886090
972968487029
972972088001
972975688059
972979288062
972982889039
972986491023
972990091099
972993692064
972997298000
973000898092
973004553036
973008154034
973011755031
973015356062
973018958046
973022559052
973026159075
973029760075
973033362049
973036963096
973040565032
973044171001
973047772053
973051372083
973054973013
973058573043
973062173074
973065774004
973069374035
973072974065
973076622068
973080223082
973083824087
973087430011
973091083064
973094684045
973098289086
973101943048
973105546000
973109146064
973112748003
973116348092
973119951013
973123552073
973127153042
973130808057
973134409051
973138009051
973141609092
973145210063
973148810083
973152439005
973156039099
973159640091
973163242003
973166842053
973196850021
973200455027
973204056006
973207677044
973211278039
973214881008
973218525062
973222161064
973225761098
973229364065
973232965007
973236565083
973240165094
973243765095
973247366064
973250967021
973254567036
973258167045
973261767062
973265368005
973268968029
973272568067
973276168072
973279769031
973283369061
973286969098
973290570029
973294170066
973297771089
973301374008
973305029015
973308629019
973312230069
973315831073
973319432053
973323033028
973326633031
973330233058
973333834031
973337434081
973341035014
973344638069
973348268021
973351868040
973355468058
973359068076
973362668094
973366269012
973369869030
973373469053
973377069072
973380669092
973384270016
973387870035
973391470053
973395070070
973398671060
973402271092
973405872017
973409472035
973413073023
973416673042
973420273061
973423873091
973427474009
973431074057
973434674075
973438274092
973441875010
973445475028
973449075048
973452699057
973456300047
973459901021
973463501087
973467102000
973470759027
973474360026
973477960062
973481561044
973485161054
973488761088
973492362057
973495963002
973499619081
973503220075
973506821065
973510422048
973514022088
973517622088
973521223007
973524823011
973528423011
973532025039
973535625064
973541323058
973544952004
973548552094
973552154040
973555755054
973559356032
973562957012
973566557079
973570157079
973573758040
973577360003
973580960010
973584616049
973588217069
973591818037
973595419009
973599019023
973602619083
973606219090
973609820077
973613421035
973617022064
973620623023
973624224096
973627880020
973631481015
973635081080
973638682051
973642284054
973645885072
973649485099
973653088035
973656727090
973660339013
973663943054
973667543070
973671145091
973674746067
973678347037
973681947043
973685548003
973689148077
973692749064
973696349076
973699950034
973703551013
973707151042
973710752003
973714355039
973718010050
973721611067
973725212024
973728812040
973732413066
973736015039
973739617068
973743271095
973746874010
973750474035
973754075012
973757683088
973761291016
973764894032
973768494063
973772094095
973775734005
973779334097
973782936000
973786536071
973790136086
973793737074
973797338082
973800939014
973804540052
973808140095
973811750021
973815350022
973818950022
973822550081
973826152070
973829753095
973833356005
973836958081
973840613075
973844215049
973847817071
973851422020
973855023008
973858623091
973862277008
973865878009
973869479000
973873079094
973876680087
973880290004
973883940070
973887545038
973891147006
973894747020
973898396074
973901998080
973905599012
973909199043
973912799083
973916403038
973920003080
973923610021
973927233055
973930834046
973934436059
973938036060
973941641030
973945241030
973948841079
973952495005
973956095096
973959702035
973963355077
973966956068
973970557059
973974158050
973977765006
973981365044
973985018026
973988622009
973992278009
973995878099
973999479090
974003080080
974006682078
974010287007
974013941051
974017547088
974021201033
974024801093
974028408029
974032062078
974035663069
974039264062
974042865057
974046467061
974050071089
974053726030
974057327021
974060928012
974064534043
974068134075
974071788028
974075394090
974078995062
974082596044
974086197034
974089850085
974093451080
974097052073
974100653068
974104261015
974107861028
974111514058
974115116062
974118721019
974122374020
974125975015
974129582011
974133236007
974136838017
974140444004
974144096096
974147697089
974151304030
974154957080
974158557083
974162157094
974165758084
974169362090
974172963021
974176563056
974180165001
974183770035
974187377003
974190997039
974194620089
974198227056
974201880075
974205483081
974209083084
974241983088
974245584021
974249187049
974252787087
974256388006
974259988021
974263589080
974267189099
974270791068
974274392056
974277993046
974281593065
974285193096
974288794014
974292394033
974295994052
974299595001
974303195022
974306795043
974310395062
974313995081
974317596005
974321196023
974324796045
974328397073
974331998037
974335600014
974339200037
974342800056
974346401045
974350001063
974353601081
974357202001
974360823010
974364423018
974368023048
974371625067
974375227097
974378829000
974382429054
974386034012
974389635008
974393235011
974396836083
974400488027
974404088061
974407695028
974411348054
974426036056
974499463086
974513023022
974707022051
974783409073
974788340042
974871047022
974874662005
974878262011
974881862018
974885462026
974889062034
974930706062
974934307002
974937907014
974941507076
974945107088
974948707095
974952308001
974955908009
974959508015
974963108022
974966708033
974970308041
974973908048
974977508054
974981108074
974984708080
974988308088
974991908095
974995513038
974999113039
975002713041
975006314043
975009914046
975013514046
975017114053
975020714055
975024314059
975431668020
975435268094
975438869098
975442471000
975446071098
975449673034
975453274021
975456883034
975460483048
975464083063
975467684049
975471284069
975474884085
975478485073
975482085090
975485686008
975489286028
975492886048
975496486066
975500089011
975503689037
975507290030
975510890049
975514490067
975518090084
975521691002
975525291023
975528891041
975532491063
975536091084
975539692002
975543292025
975546892046
975550492069
975554092087
975557693005
975561293023
975564893041
975568493059
975572093077
975575693095
975579294013
975582894031
975586494078
975590095017
975593695034
975597295054
975600895072
975604495090
975608096008
975611696030
975615296047
975618896065
975622497001
975626097026
975629697028
975633297032
975636897032
975640498040
975644099006
975647699023
975651299040
975654899058
975658499076
975662099093
975665700010
975669302055
975672902061
975676502068
975680102070
975683702078
975687303083
975690903090
975694503090
975698103096
975701705056
975705305061
975708906068
975712506087
975716166063
975719766070
975723366074
975726967074
975730567077
975734168082
975737769089
975741369095
975744971007
975748571015
975752171021
975755771096
975759373000
975763032079
975766632080
975770233085
975773834088
975777435093
975781035096
975784636003
975788236007
975791836013
975795437017
975799038025
975802639026
975806240030
975809840035
975813441041
975817042050
975820642057
975824242062
975827843067
975831443070
975835043077
975838643085
975842243090
975845844002
975849444077
975853045077
975856645083
975860245090
975863846096
975867447097
975871107008
975874707012
975878308016
975881908019
975885508024
975889108025
975892708034
975896308042
975899908047
975903508050
975907108056
975910708066
975914308086
975917909094
975921509099
975925169005
975928769027
975932370056
975935970056
975939571063
975943172072
975946772074
975950372078
975953972083
975957572083
975961232048
975964832088
975968433095
975972093039
975975693066
975979294069
975982895080
975986495083
975990095087
975993695089
975997295098
976000896005
976004496010
976008097008
976011697010
976015297017
976018897024
976022498001
976026099002
976029699007
976033299008
976036899014
976040499014
976044099022
976047699024
976051299028
976054900024
976058500044
976062100049
976065760006
976069360007
976072961007
976076561010
976080162005
976083763008
976087363010
976090963014
976094563022
976098163026
976101764025
976105364096
976108965098
976112625013
976116226016
976119827022
976123428030
976127028035
976138793019
976145023019
976148623090
976152224090
976155825096
976159426099
976163027099
976166629006
976170229008
976173830009
976177431013
976181031021
976184632023
976188233000
976191834020
976195435028
976199035039
976202636043
976206237048
976209838054
976213438064
976217038071
976220638078
976224238080
976227838091
976231438095
976235098011
976238698013
976242299024
976245899028
976249500031
976253160029
976256761031
976260361033
976263961042
976267561044
976271162046
976274763056
976278373040
976281974053
976285575058
976289175074
976292775083
976296376089
976299976097
976303577008
976307177091
976310779000
976314379015
976317980020
976321580020
976325181025
976328782029
976332382032
976335982043
976339582050
976343182058
976346782059
976350404078
976354043064
976357644069
976361304050
976364905034
976368505038
976372105038
976375706039
976379306045
976382906072
976386506079
976390107087
976393707095
976397308008
976400909020
976404509026
976408109038
976411710070
976415312005
976418913057
976422513065
976426113070
976429714073
976433314084
976436914084
976440514090
976444114094
976447774050
976451374057
976454974061
976458576011
976462177020
976465778027
976469379035
976472979040
976476579044
976480180051
976483780052
976487381063
976490981095
976494582003
976498182008
976501782009
976505382015
976508982017
976512583026
976516183033
976519783038
976523383050
976526983061
976530643035
976534244037
976537844044
976541444091
976545045035
976548645068
976552245098
976555846013
976559446015
976563046073
976566647000
976570247090
976573848018
976577448029
976581048098
976584649028
976588249068
976591849070
976595450069
976599050074
976602650087
976606250090
976609851094
976613452000
976617052005
976620652099
976624253023
976627853067
976631453073
976635053081
976638654086
976642254097
976645855002
976649455010
976653056016
976656656021
976660257036
976663857049
976667457059
976671058026
976674658075
976678259013
976681859043
976685459073
976689060004
976692660035
976696260066
976699860096
976703461054
976707065079
976710725076
976714325076
976717925077
976721525085
976725126087
976728726089
976732326094
976735926099
976739527003
976743127010
976746727011
976750328016
976753928017
976757528017
976761128018
976764729021
976768329031
976771930030
976775531029
976779132029
976782732037
976786333040
976789933044
976793534098
976797194003
976800795000
976804395009
976807995018
976811596024
976815196024
976867984075
976871586048
976875188062
976878788097
976882389010
976885993028
976889597009
976893200038
976896803029
976900406013
976904008073
976907611081
976911214053
976914816060
976918422011
976922023011
976925623093
976929224007
976932826031
976936430064
976940034026
976943634038
976947234052
976950838012
976954442043
976958046044
976961650094
976965253032
976968857058
976972461020
976976064086
976979669016
976983273045
976986877076
976990482008
976994086041
976997688063
977001292095
977004897027
977008501059
977012105090
977015710091
977019314051
977022915033
977026518095
977030122057
977033723081
977037324075
977040924077
977044525074
977048125081
977051726075
977055327067
977058932016
977062536093
977066141033
977069745078
977073349090
977076952045
977080555024
977084159064
977087763092
977091368019
977094970092
977098573065
977102176035
977105778097
977109381006
977112981090
977116584082
977120185065
977123786047
977127386059
977130989002
977134591094
977138194053
977141795045
977145396022
977148996030
977152596035
977156197028
977159797045
977163398016
977166999009
977170607032
977174211064
977177813047
977181420057
977185021043
977188621072
977192222014
977195823090
977199951055
977203552000
977207154086
977210757077
977214357092
977217958034
977221558041
977225158056
977228758088
977232358092
977235959032
977239559041
977243159085
977246759087
977250360026
977253960080
977257563077
977261164012
977264764021
977268364044
977271965096
977275566078
977279167007
977282774084
977286375013
977289978056
977293582036
977297184030
977300784048
977304384066
977307984084
977311585004
977315188025
977318789046
977322389090
977325995097
977329596072
977333196082
977336799038
977340399056
977344001014
977347601073
977351202076
977354843003
977360482090
977364083053
977367684022
977371284086
977374885011
977378485039
977382085076
977385687039
977389289042
977392889095
977396490099
977400091081
977403692079
977407293066
977410893084
977414494072
977418094090
977421695008
977425295026
977428895044
977432495064
977436095082
977439696000
977443296019
977446896037
977450496055
977454096073
977457697033
977461297088
977508252042
977523004011
977526604098
977530205069
977533806032
977537410032
977541013030
977544617052
977548217070
977551817088
977555418006
977559018024
977562618042
977566218064
977569819008
977573419026
977577019037
977580620036
977584220054
977587823049
977591425074
977595025092
977598626081
977602227069
977605830006
977609431014
977613033041
977616634088
977620237038
977623839084
977627442030
977631044089
977634647052
977638247074
977641848068
977645448088
977649049013
977652649049
977656250097
977659851046
977663452017
977667053062
977670653094
977674254065
977677855095
977681456011
977685057026
977688657045
977692257056
977695858045
977699459031
977703059069
977706660017
977710260080
977713862089
977717463054
977721065064
977724665076
977728267010
977731868034
977735469013
977739069017
977742669038
977746270078
977749871021
977753482053
977757082063
977760692093
977764298040
977767918081
977771529084
977775138071
977778743044
977782362046
977785967055
977789570096
977793209033
977796812026
977800420075
977804029037
977807663010
977811268032
977814869070
977818485065
977822086051
977825729096
977865099039
977868745043
977872345051
977875946037
977879546055
977883146073
977886746087
977890347005
977893947023
977897547041
977901147059
977904747077
977908347095
977911948013
977915549098
977919150026
977922751018
977926351036
977929951054
977933551072
977937151090
977940752009
977944352027
977947952045
977951552063
977955153078
977958754015
977962354095
977965955016
977969555028
977973155045
977976755092
977980356082
977983957073
977987559037
977991159056
977994759073
977998359093
978001962031
978005562067
978009163056
978012766068
978016366080
978019969072
978023572064
978027175056
978030777008
978034377028
978037977040
978041578022
978045178034
978048778048
978052378060
978055980011
978059580028
978063180040
978066780054
978070380066
978073980090
978077581081
992124559084
992156422000
992242818032
992325856091
992484705078
992680788067
993107571047
993163679051
993682580078
993771990078
993873456014
994231075057
994234679021
994238279027
994241879033
994245479039
994249079045
994252679051
994256279057
994259879063
994263479069
994267079075
994270679081
994274279087
994277879093
994281479099
994285080005
994375308073
994379748069
994395620033
994468764083
