1	10954
2	6854
3	2382
4	4791
5	854
6	695
7	686
8	1015
9	282
10	308
11	194
12	217
13	168
14	138
15	114
16	101
17	68
18	161
19	76
20	51
21	59
22	60
23	38
24	34
25	34
26	31
27	33
28	75
29	107
30	19
31	18
32	18
33	10
34	17
35	9
36	21
37	10
38	20
39	8
40	13
41	7
42	20
43	14
44	15
45	10
46	16
47	7
48	18
49	10
50	13
51	7
52	19
53	5
54	9
55	4
56	9
57	5
58	12
59	5
60	10
61	2
62	4
63	6
64	6
65	5
66	6
67	2
68	8
69	4
70	7
71	5
72	7
73	2
74	4
75	4
76	9
77	4
78	25
79	7
80	6
81	5
82	6
83	2
84	6
85	4
86	3
88	13
89	2
90	5
91	6
92	3
93	3
94	5
95	2
96	5
97	3
98	8
99	2
100	3
101	2
102	7
2065	2
104	4
105	5
106	6
107	3
108	4
109	5
110	6
111	2
112	3
113	5
114	3
116	6
117	2
118	3
119	2
120	5
121	5
122	2
362	2
126	4
127	3
128	3
129	3
130	2
131	2
132	4
133	3
134	4
135	2
136	3
137	2
138	6
139	5
141	2
2190	2
143	2
144	4
145	4
2194	2
148	4
149	2
150	3
151	2
153	2
154	2
155	7
156	4
2074	3
158	6
2207	2
6512	2
162	4
165	4
166	2
167	2
168	2
169	5
170	2
171	2
174	2
175	3
176	4
178	2
60787	2
180	3
181	4
183	2
184	2
185	2
189	2
190	2
192	2
193	2
194	3
195	2
196	4
198	5
199	2
200	4
201	3
202	4
4299	2
2252	2
206	2
207	3
208	3
210	3
12500	2
213	3
188630	2
215	2
216	3
4167	2
88783	2
8413	2
2270	2
8229	2
224	2
225	3
229	3
230	3
232	4
2281	2
235	2
45294	2
239	2
240	3
244	3
245	2
247	3
248	3
250	4
251	3
252	4
253	2
254	2
256	2
258	2
260	2
261	2
263	2
24843	2
270	3
2093	2
272	2
276	2
278	3
280	2
281	2
282	4
284	2
288	2
2096	2
290	2
292	2
293	4
294	2
296	2
299	2
301	2
302	2
306	2
692	2
308	2
2359	2
315	2
316	2
318	2
319	2
532801	2
328	2
329	2
331	2
2104	2
339	2
340	2
342	2
345	3
348	2
352	3
354	2
355	3
2406	2
14698	2
364	2
2413	2
6205	2
2416	2
370	2
374	2
376	2
153979	2
382	2
383	2
388	3
2439	2
392	2
394	2
612751	2
400	3
408	2
57747	2
2456	2
409	2
411	2
18845	2
415	2
416	2
418	2
420	2
115109	2
4518	2
2473	2
427	2
2476	2
430	2
432	2
437	2
440	2
445	2
449	2
450	3
451	2
215493	2
29127	2
14792	2
3890	2
464	2
2808	2
468	2
470	2
472	2
31193	2
53722	2
476	2
477	2
421	2
480	2
107600	2
487	3
488	2
4586	2
2539	2
492	2
4591	2
498	2
504	2
516	3
521	2
524	2
529	2
530	2
538	2
540	2
542	2
545	2
546	2
550	2
6695	2
4648	2
557	2
223	2
560	2
561	2
2610	2
305719	2
57912	2
2618	2
572	2
575	2
29248	2
580	2
582	2
588	2
594	2
6739	2
2646	2
599	2
601	2
608	2
31330	2
39524	2
103	2
628	3
631	2
632	2
633	2
2688	2
4738	2
2155	2
644	2
645	2
2497	2
648	2
2709	2
90775	2
671	2
672	2
30832	2
674	2
24689	2
680	2
682	2
8875	2
688	2
4788	2
694	2
2164	2
703	2
704	2
707	2
708	2
2166	2
2761	2
715	2
25295	2
2769	2
4821	2
6874	2
732	2
15072	2
2785	2
51945	2
748	2
751	2
753	2
756	2
22654	2
760	2
762	3
766	2
23301	2
2829	2
784	2
29457	2
790	2
791	2
72472	2
474	2
9008	2
803	2
4903	2
808	2
125740	2
813	2
66352	2
9011	2
58164	2
21301	2
826	2
827	2
821	3
834	2
13125	2
841	2
101195	2
849	2
142	3
855	2
864	2
866	2
64359	2
2920	2
11113	2
874	2
4971	2
146	3
878	2
889	2
559997	2
23433	2
910	3
2965	2
922	2
931	2
164519	2
157	2
113585	2
159	2
958	2
961	2
962	3
967	2
13271	2
25564	2
1002	2
12513	2
5100	2
340984	2
3065	2
1018	2
1021	2
1023	2
1028	2
1030	2
1031	2
3093	2
1050	2
1058	2
1061	2
5158	2
1064	2
1072	2
1073	2
3123	2
1113148	2
1088	2
1093	2
1098	2
1100	2
7245	2
214096	2
1108	2
3165	2
62558	2
17503	2
5218	2
1126	2
1128	2
45928	2
3186	2
1139	2
3189	2
1142	2
181368	2
1146	2
1152	3
1153	2
875	2
15495	2
78987	2
1164	2
1173	2
1177	2
2085	2
1189	2
203944	2
1193	2
1198	2
191672	2
203	2
1221	2
187591	2
38089	2
36042	2
1229	2
1230	2
1233	2
2937	2
1240	2
1245	2
1248	2
208102	2
204015	2
118000	2
3313	2
1266	2
1272	2
3323	2
1286	2
1297	2
1302	2
1304	2
27934	2
1314	2
3364	2
1320	3
562	2
1326	2
1335	2
15674	2
4319	2
3397	2
1351	2
7499	2
9555	2
19816	2
1394	2
1395	2
1397	2
1400	2
5501	2
1410	2
1422	2
189841	2
1431	2
3312	2
1442	2
200262	2
1453	2
23985	2
1460	2
1478	3
3527	2
1483	2
9676	2
30157	2
1491	2
1500	2
17885	2
1502	2
11749	2
1519	2
15860	2
1529	2
1531	2
722467	2
5670	2
220712	2
1577	2
1580	2
1581	2
173614	2
15922	2
63032	2
1594	2
1596	2
1598	2
1604	2
1606	2
11877	2
3691	2
3693	2
3694	2
5743	2
13948	2
3350	2
1670	2
2329	2
138906	2
3748	2
2057	2
3752	2
1310	2
35104	2
1732	2
141007	2
14041	2
3803	2
32477	2
7905	2
3813	2
1773	2
11560	2
1780	2
1797	2
3853	2
1806	2
2350	2
1814	2
1815	2
1820	2
7813	2
7970	2
1829	2
7983	2
7986	2
1843	2
1852	2
38721	2
10065	2
1875	2
32617	2
1902	2
26496	2
2027	2
3975	2
3993	2
1960	2
1979	2
321469	2
1016	2
4056	2
14310	2
8171	2
2030	2
2034	2
204	4
22517	2
389112	2
2046	2
